  6.16751574e-03 1.74495567e-03 5.90677524e-03 1.88535441e-03
  4.83372779e-03 5.90677524e-03 3.35954110e-03 4.96409804e-03
  4.83372779e-03 3.76068033e-03 3.76068033e-03 7.52136066e-03
  6.30791448e-03 6.16751574e-03 4.83372779e-03 3.76068033e-03
  6.30791448e-03 5.10449677e-03 3.76068033e-03 5.10449677e-03
  3.76068033e-03]
 [4.78000754e-03 4.91250242e-03 5.05518921e-03 4.78000754e-03
  5.05518921e-03 5.05518921e-03 5.05518921e-03 4.91250242e-03
  5.05518921e-03 5.05518921e-03 4.91250242e-03 5.05518921e-03
  5.05518921e-03 5.05518921e-03 5.33037088e-03 5.05518921e-03
  5.33037088e-03 4.78000754e-03 5.05518921e-03 5.05518921e-03
  4.78000754e-03 6.13553207e-03 5.33037088e-03 5.33037088e-03
  5.72785552e-03 6.41071374e-03 7.10376387e-03 5.05518921e-03
  7.10376387e-03 8.05161185e-03 1.02326814e-02 1.03753682e-02
  8.87715686e-03 6.97126900e-03 6.97126900e-03 9.95749972e-03
  9.15233853e-03 7.51144042e-03 6.97126900e-03 9.95749972e-03
  1.10684183e-02 5.33037088e-03 1.29743062e-02 1.07932366e-02
  1.20162663e-02 1.40648410e-02 1.26991245e-02 8.60197519e-03
  1.35042857e-02 1.73262534e-02 1.51655676e-02 1.48801941e-02
  1.54203655e-02 1.62459105e-02 9.95749972e-03 1.73262534e-02
  1.35042857e-02 1.21487612e-02 1.77441218e-02 1.73262534e-02
  1.67962738e-02 1.84371719e-02 1.51655676e-02 1.58280420e-02
  1.73262534e-02 1.73262534e-02 1.78766167e-02 1.62459105e-02
  1.44725175e-02 1.31169930e-02 1.02326814e-02 1.13436000e-02
  1.06505499e-02 1.21487612e-02 9.29502533e-03 7.51144042e-03
  5.33037088e-03 1.56955472e-02 6.97126900e-03 1.14659030e-02
  6.41071374e-03 9.42752021e-03 7.24645067e-03 3.81177574e-03
  4.37233099e-03 3.55697789e-03 6.97126900e-03 9.58039891e-04
  0.00000000e+00 6.55340053e-03 1.09053477e-03 2.86392776e-03
  3.95446253e-03 8.15353099e-04 1.32494879e-04 0.00000000e+00
  3.14930134e-03 1.32494879e-04 4.64751266e-03 2.86392776e-03
  6.41071374e-03 1.03753682e-02 2.31356442e-03 1.23322156e-03
  1.50840323e-03 8.60197519e-03 2.45625121e-03 0.00000000e+00
  3.68947277e-03 4.22964420e-03 4.91250242e-03 6.97126900e-03
  6.13553207e-03 1.64089811e-03 5.87054231e-03 1.78358490e-03
  4.78000754e-03 5.87054231e-03 3.28179622e-03 4.91250242e-03
  4.78000754e-03 3.68947277e-03 3.68947277e-03 7.51144042e-03
  6.27821886e-03 6.13553207e-03 4.78000754e-03 3.68947277e-03
  6.27821886e-03 5.05518921e-03 3.68947277e-03 5.05518921e-03
  3.68947277e-03]
 [2.46959313e-03 2.67024758e-03 2.88633698e-03 2.46959313e-03
  2.88633698e-03 2.88633698e-03 2.88633698e-03 2.67024758e-03
  2.88633698e-03 2.88633698e-03 2.67024758e-03 2.88633698e-03
  2.88633698e-03 2.88633698e-03 3.30308082e-03 2.88633698e-03
  3.30308082e-03 2.46959313e-03 2.88633698e-03 2.88633698e-03
  2.46959313e-03 4.52244243e-03 3.30308082e-03 3.30308082e-03
  3.90504414e-03 4.93918627e-03 5.98876335e-03 2.88633698e-03
  5.98876335e-03 7.42421436e-03 1.07272952e-02 1.09433846e-02
  8.67444589e-03 5.78810891e-03 5.78810891e-03 1.03105513e-02
  9.09118973e-03 6.60616163e-03 5.78810891e-03 1.03105513e-02
  1.19929617e-02 3.30308082e-03 1.48792986e-02 1.15762178e-02
  1.34284127e-02 1.65308390e-02 1.44625548e-02 8.25770204e-03
  1.56819164e-02 2.14700253e-02 1.81978144e-02 1.77656356e-02
  1.85836883e-02 1.98339199e-02 1.03105513e-02 2.14700253e-02
  1.56819164e-02 1.36290671e-02 2.21028586e-02 2.14700253e-02
  2.06674075e-02 2.31524356e-02 1.81978144e-02 1.92010866e-02
  2.14700253e-02 2.14700253e-02 2.23035130e-02 1.98339199e-02
  1.71482373e-02 1.50953880e-02 1.07272952e-02 1.24097055e-02
  1.13601284e-02 1.36290671e-02 9.30727913e-03 6.60616163e-03
  3.30308082e-03 1.90004322e-02 5.78810891e-03 1.25949250e-02
  4.93918627e-03 9.50793357e-03 6.20485275e-03 1.00327221e-03
  1.85219485e-03 6.17398284e-04 5.78810891e-03 3.31851577e-03
  4.76940174e-03 5.15527567e-03 3.11786133e-03 9.10662468e-03
  1.21936161e-03 6.00419831e-03 4.97005618e-03 4.76940174e-03
  0.00000000e+00 4.56874730e-03 2.26893869e-03 9.10662468e-03
  4.93918627e-03 1.09433846e-02 8.27313700e-03 2.90177193e-03
  2.48502809e-03 8.25770204e-03 1.04957708e-03 4.76940174e-03
  8.18052726e-04 1.63610545e-03 2.67024758e-03 5.78810891e-03
  4.52244243e-03 2.28437365e-03 4.12113354e-03 2.06828425e-03
  2.46959313e-03 4.12113354e-03 2.00654442e-04 2.67024758e-03
  2.46959313e-03 8.18052726e-04 8.18052726e-04 6.60616163e-03
  4.73853183e-03 4.52244243e-03 2.46959313e-03 8.18052726e-04
  4.73853183e-03 2.88633698e-03 8.18052726e-04 2.88633698e-03
  8.18052726e-04]
 [4.72069237e-03 4.85527351e-03 5.00020705e-03 4.72069237e-03
  5.00020705e-03 5.00020705e-03 5.00020705e-03 4.85527351e-03
  5.00020705e-03 5.00020705e-03 4.85527351e-03 5.00020705e-03
  5.00020705e-03 5.00020705e-03 5.27972173e-03 5.00020705e-03
  5.27972173e-03 4.72069237e-03 5.00020705e-03 5.00020705e-03
  4.72069237e-03 6.09756098e-03 5.27972173e-03 5.27972173e-03
  5.68346515e-03 6.37707566e-03 7.08103855e-03 5.00020705e-03
  7.08103855e-03 8.04381134e-03 1.02592240e-02 1.04041575e-02
  8.88235538e-03 6.94645741e-03 6.94645741e-03 9.97970930e-03
  9.16187006e-03 7.49513437e-03 6.94645741e-03 9.97970930e-03
  1.11081204e-02 5.27972173e-03 1.30440184e-02 1.08286057e-02
  1.20708932e-02 1.41517247e-02 1.27645037e-02 8.60284070e-03
  1.35823430e-02 1.74644913e-02 1.52697834e-02 1.49799164e-02
  1.55285933e-02 1.63671374e-02 9.97970930e-03 1.74644913e-02
  1.35823430e-02 1.22054743e-02 1.78889395e-02 1.74644913e-02
  1.69261667e-02 1.85929024e-02 1.52697834e-02 1.59426891e-02
  1.74644913e-02 1.74644913e-02 1.80235206e-02 1.63671374e-02
  1.45658205e-02 1.31889519e-02 1.02592240e-02 1.13876351e-02
  1.06836722e-02 1.22054743e-02 9.30680359e-03 7.49513437e-03
  5.27972173e-03 1.58081080e-02 6.94645741e-03 1.15118638e-02
  6.37707566e-03 9.44138474e-03 7.22597209e-03 3.73721479e-03
  4.30659655e-03 3.47840490e-03 6.94645741e-03 8.38544039e-04
  1.34581142e-04 6.52200919e-03 9.73125181e-04 3.04360429e-03
  3.88214833e-03 9.62772786e-04 2.69162284e-04 1.34581142e-04
  3.06430908e-03 0.00000000e+00 4.58611123e-03 3.04360429e-03
  6.37707566e-03 1.04041575e-02 2.48457493e-03 1.11805872e-03
  1.39757340e-03 8.60284070e-03 2.36034618e-03 1.34581142e-04
  3.61298604e-03 4.16166301e-03 4.85527351e-03 6.94645741e-03
  6.09756098e-03 1.53215454e-03 5.82839869e-03 1.67708808e-03
  4.72069237e-03 5.82839869e-03 3.19889022e-03 4.85527351e-03
  4.72069237e-03 3.61298604e-03 3.61298604e-03 7.49513437e-03
  6.24249451e-03 6.09756098e-03 4.72069237e-03 3.61298604e-03
  6.24249451e-03 5.00020705e-03 3.61298604e-03 5.00020705e-03
  3.61298604e-03]
 [2.48656300e-04 4.97312599e-04 7.65096306e-04 2.48656300e-04
  7.65096306e-04 7.65096306e-04 7.65096306e-04 4.97312599e-04
  7.65096306e-04 7.65096306e-04 4.97312599e-04 7.65096306e-04
  7.65096306e-04 7.65096306e-04 1.28153631e-03 7.65096306e-04
  1.28153631e-03 2.48656300e-04 7.65096306e-04 7.65096306e-04
  2.48656300e-04 2.79260152e-03 1.28153631e-03 1.28153631e-03
  2.02750521e-03 3.30904153e-03 4.60970525e-03 7.65096306e-04
  4.60970525e-03 6.38855416e-03 1.04818194e-02 1.07496031e-02
  7.93787418e-03 4.36104895e-03 4.36104895e-03 9.96537939e-03
  8.45431419e-03 5.37480155e-03 4.36104895e-03 9.96537939e-03
  1.20502668e-02 1.28153631e-03 1.56270921e-02 1.15338268e-02
  1.38291157e-02 1.76737247e-02 1.51106521e-02 7.42143417e-03
  1.66217173e-02 2.37944951e-02 1.97394847e-02 1.92039173e-02
  2.02176699e-02 2.17669899e-02 9.96537939e-03 2.37944951e-02
  1.66217173e-02 1.40777720e-02 2.45787188e-02 2.37944951e-02
  2.27998699e-02 2.58793826e-02 1.97394847e-02 2.09827662e-02
  2.37944951e-02 2.37944951e-02 2.48273751e-02 2.17669899e-02
  1.84388210e-02 1.58948758e-02 1.04818194e-02 1.25667068e-02
  1.12660431e-02 1.40777720e-02 8.72209789e-03 5.37480155e-03
  1.28153631e-03 2.07341099e-02 4.36104895e-03 1.27962357e-02
  3.30904153e-03 8.97075419e-03 4.87748895e-03 1.56844743e-03
  5.16440007e-04 2.04663262e-03 4.36104895e-03 6.92412157e-03
  8.72209789e-03 3.57682523e-03 6.67546527e-03 1.40968994e-02
  1.30066372e-03 1.02522905e-02 8.97075419e-03 8.72209789e-03
  2.81172893e-03 8.47344159e-03 0.00000000e+00 1.40968994e-02
  3.30904153e-03 1.07496031e-02 1.30640194e-02 6.40768157e-03
  5.89124156e-03 7.42143417e-03 4.11239265e-03 8.72209789e-03
  1.79797632e-03 7.84223714e-04 4.97312599e-04 4.36104895e-03
  2.79260152e-03 5.64258526e-03 2.29528892e-03 5.37480155e-03
  2.48656300e-04 2.29528892e-03 2.56307263e-03 4.97312599e-04
  2.48656300e-04 1.79797632e-03 1.79797632e-03 5.37480155e-03
  3.06038523e-03 2.79260152e-03 2.48656300e-04 1.79797632e-03
  3.06038523e-03 7.65096306e-04 1.79797632e-03 7.65096306e-04
  1.79797632e-03]
 [5.60848302e-03 5.70569672e-03 5.81038841e-03 5.60848302e-03
  5.81038841e-03 5.81038841e-03 5.81038841e-03 5.70569672e-03
  5.81038841e-03 5.81038841e-03 5.70569672e-03 5.81038841e-03
  5.81038841e-03 5.81038841e-03 6.01229379e-03 5.81038841e-03
  6.01229379e-03 5.60848302e-03 5.81038841e-03 5.81038841e-03
  5.60848302e-03 6.60305401e-03 6.01229379e-03 6.01229379e-03
  6.30393491e-03 6.80495939e-03 7.31346185e-03 5.81038841e-03
  7.31346185e-03 8.00891375e-03 9.60920090e-03 9.71389259e-03
  8.61462991e-03 7.21624815e-03 7.21624815e-03 9.40729551e-03
  8.81653530e-03 7.61258095e-03 7.21624815e-03 9.40729551e-03
  1.02223950e-02 6.01229379e-03 1.16207768e-02 1.00204897e-02
  1.09178469e-02 1.24209204e-02 1.14188714e-02 8.41272453e-03
  1.20096316e-02 1.48138731e-02 1.32285419e-02 1.30191586e-02
  1.34154914e-02 1.40212075e-02 9.40729551e-03 1.48138731e-02
  1.20096316e-02 1.10150606e-02 1.51204702e-02 1.48138731e-02
  1.44250183e-02 1.56289727e-02 1.32285419e-02 1.37146105e-02
  1.48138731e-02 1.48138731e-02 1.52176839e-02 1.40212075e-02
  1.27200395e-02 1.17254685e-02 9.60920090e-03 1.04243004e-02
  9.91579797e-03 1.10150606e-02 8.92122699e-03 7.61258095e-03
  6.01229379e-03 1.36173968e-02 7.21624815e-03 1.05140362e-02
  6.80495939e-03 9.01844069e-03 7.41815354e-03 4.89807517e-03
  5.30936392e-03 4.71112573e-03 7.21624815e-03 2.80424151e-03
  2.10131164e-03 6.90965108e-03 2.90145521e-03 0.00000000e+00
  5.00276685e-03 1.50307345e-03 2.00409793e-03 2.10131164e-03
  4.41200664e-03 2.19852534e-03 5.51126931e-03 0.00000000e+00
  6.80495939e-03 9.71389259e-03 4.03810777e-04 3.00614690e-03
  3.20805229e-03 8.41272453e-03 3.90350418e-03 2.10131164e-03
  4.80833944e-03 5.20467224e-03 5.70569672e-03 7.21624815e-03
  6.60305401e-03 3.30526599e-03 6.40862659e-03 3.40995767e-03
  5.60848302e-03 6.40862659e-03 4.50922035e-03 5.70569672e-03
  5.60848302e-03 4.80833944e-03 4.80833944e-03 7.61258095e-03
  6.70774569e-03 6.60305401e-03 5.60848302e-03 4.80833944e-03
  6.70774569e-03 5.81038841e-03 4.80833944e-03 5.81038841e-03
  4.80833944e-03]
 [3.25309044e-03 2.98877684e-03 2.70413142e-03 3.25309044e-03
  2.70413142e-03 2.70413142e-03 2.70413142e-03 2.98877684e-03
  2.70413142e-03 2.70413142e-03 2.98877684e-03 2.70413142e-03
  2.70413142e-03 2.70413142e-03 2.15517241e-03 2.70413142e-03
  2.15517241e-03 3.25309044e-03 2.70413142e-03 2.70413142e-03
  3.25309044e-03 5.48959011e-04 2.15517241e-03 2.15517241e-03
  1.36223162e-03 0.00000000e+00 1.38256344e-03 2.70413142e-03
  1.38256344e-03 3.27342225e-03 7.62443071e-03 7.90907612e-03
  4.92029928e-03 1.11824984e-03 1.11824984e-03 7.07547170e-03
  5.46925830e-03 2.19583604e-03 1.11824984e-03 7.07547170e-03
  9.29163956e-03 2.15517241e-03 1.30936890e-02 8.74268055e-03
  1.11824984e-02 1.52691932e-02 1.25447300e-02 4.37134027e-03
  1.41509434e-02 2.17753741e-02 1.74650293e-02 1.68957385e-02
  1.79733247e-02 1.96202017e-02 7.07547170e-03 2.17753741e-02
  1.41509434e-02 1.14468120e-02 2.26089785e-02 2.17753741e-02
  2.07181197e-02 2.39915420e-02 1.74650293e-02 1.87865973e-02
  2.17753741e-02 2.17753741e-02 2.28732921e-02 1.96202017e-02
  1.60824658e-02 1.33783344e-02 7.62443071e-03 9.84059857e-03
  8.45803513e-03 1.14468120e-02 5.75390371e-03 2.19583604e-03
  2.15517241e-03 1.85222837e-02 1.11824984e-03 1.00845804e-02
  0.00000000e+00 6.01821731e-03 1.66720885e-03 5.18461288e-03
  4.06636304e-03 5.69290826e-03 1.11824984e-03 1.08775211e-02
  1.27887118e-02 2.84645413e-04 1.06132075e-02 1.85019519e-02
  4.89996747e-03 1.44152570e-02 1.30530254e-02 1.27887118e-02
  6.50618087e-03 1.25243982e-02 3.51740403e-03 1.85019519e-02
  0.00000000e+00 7.90907612e-03 1.74040338e-02 1.03285621e-02
  9.77960312e-03 4.37134027e-03 7.88874431e-03 1.27887118e-02
  5.42859466e-03 4.35100846e-03 2.98877684e-03 1.11824984e-03
  5.48959011e-04 9.51528953e-03 1.07758621e-03 9.23064411e-03
  3.25309044e-03 1.07758621e-03 6.24186727e-03 2.98877684e-03
  3.25309044e-03 5.42859466e-03 5.42859466e-03 2.19583604e-03
  2.64313598e-04 5.48959011e-04 3.25309044e-03 5.42859466e-03
  2.64313598e-04 2.70413142e-03 5.42859466e-03 2.70413142e-03
  5.42859466e-03]
 [8.35019088e-03 8.15246323e-03 7.93952576e-03 8.35019088e-03
  7.93952576e-03 7.93952576e-03 7.93952576e-03 8.15246323e-03
  7.93952576e-03 7.93952576e-03 8.15246323e-03 7.93952576e-03
  7.93952576e-03 7.93952576e-03 7.52886063e-03 7.93952576e-03
  7.52886063e-03 8.35019088e-03 7.93952576e-03 7.93952576e-03
  8.35019088e-03 6.32728490e-03 7.52886063e-03 7.52886063e-03
  6.93567767e-03 5.91661977e-03 4.88235205e-03 7.93952576e-03
  4.88235205e-03 3.46783884e-03 2.12937472e-04 0.00000000e+00
  2.23584346e-03 5.08007970e-03 5.08007970e-03 6.23602598e-04
  1.82517834e-03 4.27395927e-03 5.08007970e-03 6.23602598e-04
  1.03426772e-03 7.52886063e-03 3.87850396e-03 6.23602598e-04
  2.44878093e-03 5.50595464e-03 3.46783884e-03 2.64650859e-03
  4.66941457e-03 1.03730969e-02 7.14861515e-03 6.72274020e-03
  7.52886063e-03 8.76085601e-03 6.23602598e-04 1.03730969e-02
  4.66941457e-03 2.64650859e-03 1.09966995e-02 1.03730969e-02
  9.58218626e-03 1.20309672e-02 7.14861515e-03 8.13725341e-03
  1.03730969e-02 1.03730969e-02 1.11944271e-02 8.76085601e-03
  6.11434742e-03 4.09144143e-03 2.12937472e-04 1.44493285e-03
  4.10665125e-04 2.64650859e-03 1.61224086e-03 4.27395927e-03
  7.52886063e-03 7.93952576e-03 5.08007970e-03 1.62745068e-03
  5.91661977e-03 1.41451321e-03 4.66941457e-03 9.79512373e-03
  8.95858366e-03 1.01753692e-02 5.08007970e-03 1.40538732e-02
  1.54835962e-02 5.70368230e-03 1.38561455e-02 1.97575555e-02
  9.58218626e-03 1.67003818e-02 1.56813239e-02 1.54835962e-02
  1.07837620e-02 1.52858686e-02 8.54791854e-03 1.97575555e-02
  5.91661977e-03 0.00000000e+00 1.89362252e-02 1.36432081e-02
  1.32325429e-02 2.64650859e-03 1.18180297e-02 1.54835962e-02
  9.97764157e-03 9.17152113e-03 8.15246323e-03 5.08007970e-03
  6.32728490e-03 1.30348153e-02 6.72274020e-03 1.28218778e-02
  8.35019088e-03 6.72274020e-03 1.05860343e-02 8.15246323e-03
  8.35019088e-03 9.97764157e-03 9.97764157e-03 4.27395927e-03
  6.11434742e-03 6.32728490e-03 8.35019088e-03 9.97764157e-03
  6.11434742e-03 7.93952576e-03 9.97764157e-03 7.93952576e-03
  9.97764157e-03]
 [5.49069107e-03 5.59324708e-03 5.70369202e-03 5.49069107e-03
  5.70369202e-03 5.70369202e-03 5.70369202e-03 5.59324708e-03
  5.70369202e-03 5.70369202e-03 5.59324708e-03 5.70369202e-03
  5.70369202e-03 5.70369202e-03 5.91669296e-03 5.70369202e-03
  5.91669296e-03 5.49069107e-03 5.70369202e-03 5.70369202e-03
  5.49069107e-03 6.53991796e-03 5.91669296e-03 5.91669296e-03
  6.22436100e-03 6.75291890e-03 7.28936573e-03 5.70369202e-03
  7.28936573e-03 8.02303566e-03 9.71126538e-03 9.82171032e-03
  8.66203850e-03 7.18680972e-03 7.18680972e-03 9.49826444e-03
  8.87503944e-03 7.60492269e-03 7.18680972e-03 9.49826444e-03
  1.03581571e-02 5.91669296e-03 1.18333859e-02 1.01451562e-02
  1.10918271e-02 1.26775008e-02 1.16203850e-02 8.44903755e-03
  1.22436100e-02 1.52019565e-02 1.35295046e-02 1.33086147e-02
  1.37267277e-02 1.43657305e-02 9.49826444e-03 1.52019565e-02
  1.22436100e-02 1.11943831e-02 1.55254023e-02 1.52019565e-02
  1.47917324e-02 1.60618492e-02 1.35295046e-02 1.40422846e-02
  1.52019565e-02 1.52019565e-02 1.56279583e-02 1.43657305e-02
  1.29930577e-02 1.19438309e-02 9.71126538e-03 1.05711581e-02
  1.00347113e-02 1.11943831e-02 8.98548438e-03 7.60492269e-03
  5.91669296e-03 1.39397286e-02 7.18680972e-03 1.06658252e-02
  6.75291890e-03 9.08804039e-03 7.39981067e-03 4.74124329e-03
  5.17513411e-03 4.54402020e-03 7.18680972e-03 2.53234459e-03
  1.79078574e-03 6.86336384e-03 2.63490060e-03 4.26001893e-04
  4.85168823e-03 1.15967182e-03 1.68822973e-03 1.79078574e-03
  4.22846324e-03 1.89334175e-03 5.38813506e-03 4.26001893e-04
  6.75291890e-03 9.82171032e-03 0.00000000e+00 2.74534553e-03
  2.95834648e-03 8.44903755e-03 3.69201641e-03 1.79078574e-03
  4.64657621e-03 5.06468918e-03 5.59324708e-03 7.18680972e-03
  6.53991796e-03 3.06090249e-03 6.33480593e-03 3.17134743e-03
  5.49069107e-03 6.33480593e-03 4.33101925e-03 5.59324708e-03
  5.49069107e-03 4.64657621e-03 4.64657621e-03 7.60492269e-03
  6.65036289e-03 6.53991796e-03 5.49069107e-03 4.64657621e-03
  6.65036289e-03 5.70369202e-03 4.64657621e-03 5.70369202e-03
  4.64657621e-03]
 [4.13017162e-03 4.28445964e-03 4.45061597e-03 4.13017162e-03
  4.45061597e-03 4.45061597e-03 4.45061597e-03 4.28445964e-03
  4.45061597e-03 4.45061597e-03 4.28445964e-03 4.45061597e-03
  4.45061597e-03 4.45061597e-03 4.77106031e-03 4.45061597e-03
  4.77106031e-03 4.13017162e-03 4.45061597e-03 4.45061597e-03
  4.13017162e-03 5.70865674e-03 4.77106031e-03 4.77106031e-03
  5.23392438e-03 6.02910109e-03 6.83614612e-03 4.45061597e-03
  6.83614612e-03 7.93989888e-03 1.04797171e-02 1.06458734e-02
  8.90123193e-03 6.68185810e-03 6.68185810e-03 1.01592727e-02
  9.22167628e-03 7.31087849e-03 6.68185810e-03 1.01592727e-02
  1.14529184e-02 4.77106031e-03 1.36722922e-02 1.11324741e-02
  1.25566712e-02 1.49422013e-02 1.33518479e-02 8.58078758e-03
  1.42894443e-02 1.87400603e-02 1.62239787e-02 1.58916661e-02
  1.65206865e-02 1.74820195e-02 1.01592727e-02 1.87400603e-02
  1.42894443e-02 1.27109592e-02 1.92266610e-02 1.87400603e-02
  1.81229082e-02 2.00337060e-02 1.62239787e-02 1.69954188e-02
  1.87400603e-02 1.87400603e-02 1.93809490e-02 1.74820195e-02
  1.54169337e-02 1.38384486e-02 1.04797171e-02 1.17733628e-02
  1.09663177e-02 1.27109592e-02 9.38783261e-03 7.31087849e-03
  4.77106031e-03 1.68411308e-02 6.68185810e-03 1.19157825e-02
  6.02910109e-03 9.54212063e-03 7.00230245e-03 3.00268224e-03
  3.65543925e-03 2.70597451e-03 6.68185810e-03 3.20444349e-04
  1.43606542e-03 6.19525742e-03 1.66156329e-04 4.77106031e-03
  3.16883857e-03 2.38553016e-03 1.59035344e-03 1.43606542e-03
  2.23124214e-03 1.28177740e-03 3.97588360e-03 4.77106031e-03
  6.02910109e-03 1.06458734e-02 4.13017162e-03 0.00000000e+00
  3.20444349e-04 8.58078758e-03 1.42419711e-03 1.43606542e-03
  2.86026253e-03 3.48928292e-03 4.28445964e-03 6.68185810e-03
  5.70865674e-03 4.74732370e-04 5.40008070e-03 6.40888699e-04
  4.13017162e-03 5.40008070e-03 2.38553016e-03 4.28445964e-03
  4.13017162e-03 2.86026253e-03 2.86026253e-03 7.31087849e-03
  5.87481307e-03 5.70865674e-03 4.13017162e-03 2.86026253e-03
  5.87481307e-03 4.45061597e-03 2.86026253e-03 4.45061597e-03
  2.86026253e-03]
 [3.94761114e-03 4.10748324e-03 4.27965320e-03 3.94761114e-03
  4.27965320e-03 4.27965320e-03 4.27965320e-03 4.10748324e-03
  4.27965320e-03 4.27965320e-03 4.10748324e-03 4.27965320e-03
  4.27965320e-03 4.27965320e-03 4.61169526e-03 4.27965320e-03
  4.61169526e-03 3.94761114e-03 4.27965320e-03 4.27965320e-03
  3.94761114e-03 5.58322573e-03 4.61169526e-03 4.61169526e-03
  5.09131157e-03 5.91526779e-03 6.75152186e-03 4.27965320e-03
  6.75152186e-03 7.89522228e-03 1.05269630e-02 1.06991330e-02
  8.89134846e-03 6.59164976e-03 6.59164976e-03 1.01949210e-02
  9.22339052e-03 7.24343602e-03 6.59164976e-03 1.01949210e-02
  1.15353871e-02 4.61169526e-03 1.38350858e-02 1.12033450e-02
  1.26790875e-02 1.51509562e-02 1.35030437e-02 8.55930640e-03
  1.44745742e-02 1.90862694e-02 1.64791244e-02 1.61347845e-02
  1.67865707e-02 1.77826969e-02 1.01949210e-02 1.90862694e-02
  1.44745742e-02 1.28389596e-02 1.95904815e-02 1.90862694e-02
  1.84467810e-02 2.04267355e-02 1.64791244e-02 1.72784849e-02
  1.90862694e-02 1.90862694e-02 1.97503536e-02 1.77826969e-02
  1.56428703e-02 1.40072557e-02 1.05269630e-02 1.18674291e-02
  1.10311751e-02 1.28389596e-02 9.39556047e-03 7.24343602e-03
  4.61169526e-03 1.71186128e-02 6.59164976e-03 1.20150034e-02
  5.91526779e-03 9.55543258e-03 6.92369182e-03 2.77931501e-03
  3.45569698e-03 2.47186866e-03 6.59164976e-03 6.64084117e-04
  1.82008240e-03 6.08743774e-03 5.04212015e-04 5.27577938e-03
  2.95148497e-03 2.80391072e-03 1.97995450e-03 1.82008240e-03
  1.97995450e-03 1.66021029e-03 3.78773904e-03 5.27577938e-03
  5.91526779e-03 1.06991330e-02 4.61169526e-03 3.32042059e-04
  0.00000000e+00 8.55930640e-03 1.14370042e-03 1.82008240e-03
  2.63174076e-03 3.28352702e-03 4.10748324e-03 6.59164976e-03
  5.58322573e-03 1.59872102e-04 5.26348152e-03 3.32042059e-04
  3.94761114e-03 5.26348152e-03 2.13982660e-03 4.10748324e-03
  3.94761114e-03 2.63174076e-03 2.63174076e-03 7.24343602e-03
  5.75539568e-03 5.58322573e-03 3.94761114e-03 2.63174076e-03
  5.75539568e-03 4.27965320e-03 2.63174076e-03 4.27965320e-03
  2.63174076e-03]
 [6.65660779e-03 6.42584539e-03 6.17733203e-03 6.65660779e-03
  6.17733203e-03 6.17733203e-03 6.17733203e-03 6.42584539e-03
  6.17733203e-03 6.17733203e-03 6.42584539e-03 6.17733203e-03
  6.17733203e-03 6.17733203e-03 5.69805627e-03 6.17733203e-03
  5.69805627e-03 6.65660779e-03 6.17733203e-03 6.17733203e-03
  6.65660779e-03 4.29573090e-03 5.69805627e-03 5.69805627e-03
  5.00576906e-03 3.81645513e-03 2.60939025e-03 6.17733203e-03
  2.60939025e-03 9.58551522e-04 2.84015266e-03 3.08866602e-03
  4.79275761e-04 2.84015266e-03 2.84015266e-03 2.36087690e-03
  9.58551522e-04 1.89935209e-03 2.84015266e-03 2.36087690e-03
  4.29573090e-03 5.69805627e-03 7.61515931e-03 3.81645513e-03
  5.94656963e-03 9.51451140e-03 7.13588355e-03 0.00000000e+00
  8.53820893e-03 1.51948167e-02 1.14316144e-02 1.09345877e-02
  1.18753883e-02 1.33132156e-02 2.36087690e-03 1.51948167e-02
  8.53820893e-03 6.17733203e-03 1.59226058e-02 1.51948167e-02
  1.42717671e-02 1.71296707e-02 1.14316144e-02 1.25854265e-02
  1.51948167e-02 1.51948167e-02 1.61533682e-02 1.33132156e-02
  1.02245496e-02 7.86367267e-03 2.84015266e-03 4.77500666e-03
  3.56794178e-03 6.17733203e-03 1.20706488e-03 1.89935209e-03
  5.69805627e-03 1.23546641e-02 2.84015266e-03 4.98801811e-03
  3.81645513e-03 1.43782728e-03 2.36087690e-03 8.34294843e-03
  7.36664596e-03 8.78672229e-03 2.84015266e-03 1.33132156e-02
  1.49818053e-02 3.56794178e-03 1.30824532e-02 1.99698234e-02
  8.09443508e-03 1.64018816e-02 1.52125677e-02 1.49818053e-02
  9.49676045e-03 1.47510429e-02 6.88737020e-03 1.99698234e-02
  3.81645513e-03 3.08866602e-03 1.90112719e-02 1.28339398e-02
  1.23546641e-02 0.00000000e+00 1.07038253e-02 1.49818053e-02
  8.55595988e-03 7.61515931e-03 6.42584539e-03 2.84015266e-03
  4.29573090e-03 1.21239017e-02 4.75725570e-03 1.18753883e-02
  6.65660779e-03 4.75725570e-03 9.26599805e-03 6.42584539e-03
  6.65660779e-03 8.55595988e-03 8.55595988e-03 1.89935209e-03
  4.04721754e-03 4.29573090e-03 6.65660779e-03 8.55595988e-03
  4.04721754e-03 6.17733203e-03 8.55595988e-03 6.17733203e-03
  8.55595988e-03]
 [3.18186893e-03 3.36329128e-03 3.55866920e-03 3.18186893e-03
  3.55866920e-03 3.55866920e-03 3.55866920e-03 3.36329128e-03
  3.55866920e-03 3.55866920e-03 3.36329128e-03 3.55866920e-03
  3.55866920e-03 3.55866920e-03 3.93546947e-03 3.55866920e-03
  3.93546947e-03 3.18186893e-03 3.55866920e-03 3.55866920e-03
  3.18186893e-03 5.03795914e-03 3.93546947e-03 3.93546947e-03
  4.47973652e-03 5.41475941e-03 6.36373786e-03 3.55866920e-03
  6.36373786e-03 7.66160545e-03 1.06480965e-02 1.08434744e-02
  8.79200625e-03 6.18231551e-03 6.18231551e-03 1.02712962e-02
  9.16880652e-03 6.92196048e-03 6.18231551e-03 1.02712962e-02
  1.17924528e-02 3.93546947e-03 1.44021436e-02 1.14156526e-02
  1.30903204e-02 1.58953891e-02 1.40253433e-02 8.41520598e-03
  1.51278330e-02 2.03611700e-02 1.74025902e-02 1.70118343e-02
  1.77514793e-02 1.88818801e-02 1.02712962e-02 2.03611700e-02
  1.51278330e-02 1.32717428e-02 2.09333482e-02 2.03611700e-02
  1.96354806e-02 2.18823267e-02 1.74025902e-02 1.83097019e-02
  2.03611700e-02 2.03611700e-02 2.11147706e-02 1.88818801e-02
  1.64536117e-02 1.45975215e-02 1.06480965e-02 1.21692531e-02
  1.12202746e-02 1.32717428e-02 9.36418444e-03 6.92196048e-03
  3.93546947e-03 1.81282796e-02 6.18231551e-03 1.23367199e-02
  5.41475941e-03 9.54560679e-03 6.55911578e-03 1.85609021e-03
  2.62364631e-03 1.50720107e-03 6.18231551e-03 2.05146813e-03
  3.36329128e-03 5.61013732e-03 1.87004577e-03 7.28480518e-03
  2.05146813e-03 4.47973652e-03 3.54471363e-03 3.36329128e-03
  9.48978453e-04 3.18186893e-03 3.00044658e-03 7.28480518e-03
  5.41475941e-03 1.08434744e-02 6.53120464e-03 1.67466786e-03
  1.29786759e-03 8.41520598e-03 0.00000000e+00 3.36329128e-03
  1.68862342e-03 2.42826839e-03 3.36329128e-03 6.18231551e-03
  5.03795914e-03 1.11644524e-03 4.67511444e-03 9.21067322e-04
  3.18186893e-03 4.67511444e-03 1.13040080e-03 3.36329128e-03
  3.18186893e-03 1.68862342e-03 1.68862342e-03 6.92196048e-03
  5.23333705e-03 5.03795914e-03 3.18186893e-03 1.68862342e-03
  5.23333705e-03 3.55866920e-03 1.68862342e-03 3.55866920e-03
  1.68862342e-03]
 [4.78000754e-03 4.91250242e-03 5.05518921e-03 4.78000754e-03
  5.05518921e-03 5.05518921e-03 5.05518921e-03 4.91250242e-03
  5.05518921e-03 5.05518921e-03 4.91250242e-03 5.05518921e-03
  5.05518921e-03 5.05518921e-03 5.33037088e-03 5.05518921e-03
  5.33037088e-03 4.78000754e-03 5.05518921e-03 5.05518921e-03
  4.78000754e-03 6.13553207e-03 5.33037088e-03 5.33037088e-03
  5.72785552e-03 6.41071374e-03 7.10376387e-03 5.05518921e-03
  7.10376387e-03 8.05161185e-03 1.02326814e-02 1.03753682e-02
  8.87715686e-03 6.97126900e-03 6.97126900e-03 9.95749972e-03
  9.15233853e-03 7.51144042e-03 6.97126900e-03 9.95749972e-03
  1.10684183e-02 5.33037088e-03 1.29743062e-02 1.07932366e-02
  1.20162663e-02 1.40648410e-02 1.26991245e-02 8.60197519e-03
  1.35042857e-02 1.73262534e-02 1.51655676e-02 1.48801941e-02
  1.54203655e-02 1.62459105e-02 9.95749972e-03 1.73262534e-02
  1.35042857e-02 1.21487612e-02 1.77441218e-02 1.73262534e-02
  1.67962738e-02 1.84371719e-02 1.51655676e-02 1.58280420e-02
  1.73262534e-02 1.73262534e-02 1.78766167e-02 1.62459105e-02
  1.44725175e-02 1.31169930e-02 1.02326814e-02 1.13436000e-02
  1.06505499e-02 1.21487612e-02 9.29502533e-03 7.51144042e-03
  5.33037088e-03 1.56955472e-02 6.97126900e-03 1.14659030e-02
  6.41071374e-03 9.42752021e-03 7.24645067e-03 3.81177574e-03
  4.37233099e-03 3.55697789e-03 6.97126900e-03 9.58039891e-04
  0.00000000e+00 6.55340053e-03 1.09053477e-03 2.86392776e-03
  3.95446253e-03 8.15353099e-04 1.32494879e-04 0.00000000e+00
  3.14930134e-03 1.32494879e-04 4.64751266e-03 2.86392776e-03
  6.41071374e-03 1.03753682e-02 2.31356442e-03 1.23322156e-03
  1.50840323e-03 8.60197519e-03 2.45625121e-03 0.00000000e+00
  3.68947277e-03 4.22964420e-03 4.91250242e-03 6.97126900e-03
  6.13553207e-03 1.64089811e-03 5.87054231e-03 1.78358490e-03
  4.78000754e-03 5.87054231e-03 3.28179622e-03 4.91250242e-03
  4.78000754e-03 3.68947277e-03 3.68947277e-03 7.51144042e-03
  6.27821886e-03 6.13553207e-03 4.78000754e-03 3.68947277e-03
  6.27821886e-03 5.05518921e-03 3.68947277e-03 5.05518921e-03
  3.68947277e-03]
 [1.79388737e-03 2.01183630e-03 2.24655054e-03 1.79388737e-03
  2.24655054e-03 2.24655054e-03 2.24655054e-03 2.01183630e-03
  2.24655054e-03 2.24655054e-03 2.01183630e-03 2.24655054e-03
  2.24655054e-03 2.24655054e-03 2.69921371e-03 2.24655054e-03
  2.69921371e-03 1.79388737e-03 2.24655054e-03 2.24655054e-03
  1.79388737e-03 4.02367261e-03 2.69921371e-03 2.69921371e-03
  3.35306051e-03 4.47633578e-03 5.61637635e-03 2.24655054e-03
  5.61637635e-03 7.17554948e-03 1.07633242e-02 1.09980385e-02
  8.53353899e-03 5.39842741e-03 5.39842741e-03 1.03106611e-02
  8.98620216e-03 6.28698845e-03 5.39842741e-03 1.03106611e-02
  1.21380790e-02 2.69921371e-03 1.52731906e-02 1.16854159e-02
  1.36972522e-02 1.70670780e-02 1.48205274e-02 8.08087582e-03
  1.61449863e-02 2.24319748e-02 1.88777306e-02 1.84083022e-02
  1.92968632e-02 2.06548527e-02 1.03106611e-02 2.24319748e-02
  1.61449863e-02 1.39152011e-02 2.31193522e-02 2.24319748e-02
  2.15601791e-02 2.42593928e-02 1.88777306e-02 1.99674753e-02
  2.24319748e-02 2.24319748e-02 2.33373011e-02 2.06548527e-02
  1.77376901e-02 1.55079048e-02 1.07633242e-02 1.25907422e-02
  1.14507016e-02 1.39152011e-02 9.22091639e-03 6.28698845e-03
  2.69921371e-03 1.97495264e-02 5.39842741e-03 1.27919258e-02
  4.47633578e-03 9.43886532e-03 5.85109058e-03 2.01183630e-04
  1.12327527e-03 2.17948933e-04 5.39842741e-03 4.49310108e-03
  6.06903952e-03 4.71105001e-03 4.27515215e-03 1.07800895e-02
  4.35897866e-04 7.41026372e-03 6.28698845e-03 6.06903952e-03
  8.88561034e-04 5.85109058e-03 1.57593844e-03 1.07800895e-02
  4.47633578e-03 1.09980385e-02 9.87476319e-03 4.04043791e-03
  3.58777474e-03 8.08087582e-03 2.02860161e-03 6.06903952e-03
  0.00000000e+00 8.88561034e-04 2.01183630e-03 5.39842741e-03
  4.02367261e-03 3.36982581e-03 3.58777474e-03 3.13511157e-03
  1.79388737e-03 3.58777474e-03 6.70612101e-04 2.01183630e-03
  1.79388737e-03 0.00000000e+00 0.00000000e+00 6.28698845e-03
  4.25838684e-03 4.02367261e-03 1.79388737e-03 0.00000000e+00
  4.25838684e-03 2.24655054e-03 0.00000000e+00 2.24655054e-03
  0.00000000e+00]
 [9.75010833e-04 1.20973566e-03 1.46251625e-03 9.75010833e-04
  1.46251625e-03 1.46251625e-03 1.46251625e-03 1.20973566e-03
  1.46251625e-03 1.46251625e-03 1.20973566e-03 1.46251625e-03
  1.46251625e-03 1.46251625e-03 1.95002167e-03 1.46251625e-03
  1.95002167e-03 9.75010833e-04 1.46251625e-03 1.46251625e-03
  9.75010833e-04 3.37642640e-03 1.95002167e-03 1.95002167e-03
  2.65419616e-03 3.86393182e-03 5.09172324e-03 1.46251625e-03
  5.09172324e-03 6.77090857e-03 1.06348404e-02 1.08876210e-02
  8.23342482e-03 4.85699841e-03 4.85699841e-03 1.01473350e-02
  8.72093023e-03 5.81395349e-03 4.85699841e-03 1.01473350e-02
  1.21154124e-02 1.95002167e-03 1.54918388e-02 1.16279070e-02
  1.37945977e-02 1.74238047e-02 1.50043334e-02 7.74591940e-03
  1.64307381e-02 2.32016467e-02 1.93738264e-02 1.88682652e-02
  1.98252203e-02 2.12877365e-02 1.01473350e-02 2.32016467e-02
  1.64307381e-02 1.40293225e-02 2.39419327e-02 2.32016467e-02
  2.22627474e-02 2.51697241e-02 1.93738264e-02 2.05474505e-02
  2.32016467e-02 2.32016467e-02 2.41766575e-02 2.12877365e-02
  1.81460350e-02 1.57446194e-02 1.06348404e-02 1.26029178e-02
  1.13751264e-02 1.40293225e-02 8.97371082e-03 5.81395349e-03
  1.95002167e-03 2.03127257e-02 4.85699841e-03 1.28195869e-02
  3.86393182e-03 9.20843565e-03 5.34450383e-03 7.40286003e-04
  2.52780586e-04 1.19167991e-03 4.85699841e-03 5.79589773e-03
  7.49313881e-03 4.11671241e-03 5.56117290e-03 1.25668063e-02
  4.87505417e-04 8.93759931e-03 7.72786364e-03 7.49313881e-03
  1.91391015e-03 7.25841398e-03 7.40286003e-04 1.25668063e-02
  3.86393182e-03 1.08876210e-02 1.15917955e-02 5.30839232e-03
  4.82088690e-03 7.74591940e-03 3.14170157e-03 7.49313881e-03
  9.56955077e-04 0.00000000e+00 1.20973566e-03 4.85699841e-03
  3.37642640e-03 4.58616207e-03 2.90697674e-03 4.33338148e-03
  9.75010833e-04 2.90697674e-03 1.67918532e-03 1.20973566e-03
  9.75010833e-04 9.56955077e-04 9.56955077e-04 5.81395349e-03
  3.62920699e-03 3.37642640e-03 9.75010833e-04 9.56955077e-04
  3.62920699e-03 1.46251625e-03 9.56955077e-04 1.46251625e-03
  9.56955077e-04]
 [2.57094828e-04 0.00000000e+00 2.76871354e-04 2.57094828e-04
  2.76871354e-04 2.76871354e-04 2.76871354e-04 0.00000000e+00
  2.76871354e-04 2.76871354e-04 0.00000000e+00 2.76871354e-04
  2.76871354e-04 2.76871354e-04 8.10837536e-04 2.76871354e-04
  8.10837536e-04 2.57094828e-04 2.76871354e-04 2.76871354e-04
  2.57094828e-04 2.37318303e-03 8.10837536e-04 8.10837536e-04
  1.58212202e-03 2.90714921e-03 4.25195293e-03 2.76871354e-04
  4.25195293e-03 6.09116978e-03 1.03233462e-02 1.06002175e-02
  7.69306833e-03 3.99485810e-03 3.99485810e-03 9.78938001e-03
  8.22703451e-03 5.04301394e-03 3.99485810e-03 9.78938001e-03
  1.19450213e-02 8.10837536e-04 1.56432315e-02 1.14110551e-02
  1.37842381e-02 1.77593197e-02 1.51092653e-02 7.15910215e-03
  1.66716108e-02 2.40878078e-02 1.98951844e-02 1.93414417e-02
  2.03895975e-02 2.19914961e-02 9.78938001e-03 2.40878078e-02
  1.66716108e-02 1.40413329e-02 2.48986453e-02 2.40878078e-02
  2.30594285e-02 2.62434490e-02 1.98951844e-02 2.11806586e-02
  2.40878078e-02 2.40878078e-02 2.51557401e-02 2.19914961e-02
  1.85503807e-02 1.59201028e-02 1.03233462e-02 1.24789874e-02
  1.11341837e-02 1.40413329e-02 8.50390586e-03 5.04301394e-03
  8.10837536e-04 2.09235637e-02 3.99485810e-03 1.27163057e-02
  2.90714921e-03 8.76100069e-03 4.52882429e-03 2.13586473e-03
  1.04815584e-03 2.63027786e-03 3.99485810e-03 7.67329180e-03
  9.53228518e-03 3.18402057e-03 7.41619697e-03 1.50894888e-02
  1.85899337e-03 1.11144072e-02 9.78938001e-03 9.53228518e-03
  3.42133887e-03 9.27519035e-03 5.14189657e-04 1.50894888e-02
  2.90714921e-03 1.06002175e-02 1.40215564e-02 7.13932562e-03
  6.60535944e-03 7.15910215e-03 4.76614259e-03 9.53228518e-03
  2.37318303e-03 1.32502719e-03 0.00000000e+00 3.99485810e-03
  2.37318303e-03 6.34826461e-03 1.85899337e-03 6.07139326e-03
  2.57094828e-04 1.85899337e-03 3.16424404e-03 0.00000000e+00
  2.57094828e-04 2.37318303e-03 2.37318303e-03 5.04301394e-03
  2.65005439e-03 2.37318303e-03 2.57094828e-04 2.37318303e-03
  2.65005439e-03 2.76871354e-04 2.37318303e-03 2.76871354e-04
  2.37318303e-03]
 [4.29218822e-03 4.03266056e-03 3.75316923e-03 4.29218822e-03
  3.75316923e-03 3.75316923e-03 3.75316923e-03 4.03266056e-03
  3.75316923e-03 3.75316923e-03 4.03266056e-03 3.75316923e-03
  3.75316923e-03 3.75316923e-03 3.21415025e-03 3.75316923e-03
  3.21415025e-03 4.29218822e-03 3.75316923e-03 3.75316923e-03
  4.29218822e-03 1.63702062e-03 3.21415025e-03 3.21415025e-03
  2.43556727e-03 1.09800164e-03 2.59527660e-04 3.75316923e-03
  2.59527660e-04 2.11614861e-03 6.38837316e-03 6.66786449e-03
  3.73320557e-03 0.00000000e+00 0.00000000e+00 5.84935418e-03
  4.27222455e-03 1.05807430e-03 0.00000000e+00 5.84935418e-03
  8.02539378e-03 3.21415025e-03 1.17585993e-02 7.48637480e-03
  9.88201473e-03 1.38947116e-02 1.12195804e-02 3.19418658e-03
  1.27967100e-02 2.02830848e-02 1.60507876e-02 1.54918049e-02
  1.65498792e-02 1.81669362e-02 5.84935418e-03 2.02830848e-02
  1.27967100e-02 1.01415424e-02 2.11015951e-02 2.02830848e-02
  1.92449741e-02 2.24591244e-02 1.60507876e-02 1.73484259e-02
  2.02830848e-02 2.02830848e-02 2.13611228e-02 1.81669362e-02
  1.46932583e-02 1.20380907e-02 6.38837316e-03 8.56441277e-03
  7.20688347e-03 1.01415424e-02 4.55171588e-03 1.05807430e-03
  3.21415025e-03 1.70888982e-02 0.00000000e+00 8.80397676e-03
  1.09800164e-03 4.81124354e-03 5.39018985e-04 6.18873650e-03
  5.09073486e-03 6.68782815e-03 0.00000000e+00 1.17785630e-02
  1.36551476e-02 8.18510311e-04 1.15190354e-02 1.92649378e-02
  5.90924517e-03 1.52522409e-02 1.39146753e-02 1.36551476e-02
  7.48637480e-03 1.33956200e-02 4.55171588e-03 1.92649378e-02
  1.09800164e-03 6.66786449e-03 1.81868998e-02 1.12395440e-02
  1.07005250e-02 3.19418658e-03 8.84390409e-03 1.36551476e-02
  6.42830049e-03 5.37022619e-03 4.03266056e-03 0.00000000e+00
  1.63702062e-03 1.04409974e-02 2.15607594e-03 1.01615061e-02
  4.29218822e-03 2.15607594e-03 7.22684714e-03 4.03266056e-03
  4.29218822e-03 6.42830049e-03 6.42830049e-03 1.05807430e-03
  1.35752930e-03 1.63702062e-03 4.29218822e-03 6.42830049e-03
  1.35752930e-03 3.75316923e-03 6.42830049e-03 3.75316923e-03
  6.42830049e-03]
 [2.71445191e-03 2.44912954e-03 2.16339776e-03 2.71445191e-03
  2.16339776e-03 2.16339776e-03 2.16339776e-03 2.44912954e-03
  2.16339776e-03 2.16339776e-03 2.44912954e-03 2.16339776e-03
  2.16339776e-03 2.16339776e-03 1.61234361e-03 2.16339776e-03
  1.61234361e-03 2.71445191e-03 2.16339776e-03 2.16339776e-03
  2.71445191e-03 0.00000000e+00 1.61234361e-03 1.61234361e-03
  8.16376513e-04 5.51054146e-04 1.93889422e-03 2.16339776e-03
  1.93889422e-03 3.83696961e-03 8.20458395e-03 8.49031573e-03
  5.49013205e-03 1.67357185e-03 1.67357185e-03 7.65352981e-03
  6.04118620e-03 2.75527073e-03 1.67357185e-03 7.65352981e-03
  9.87815581e-03 1.61234361e-03 1.36947160e-02 9.32710166e-03
  1.17762312e-02 1.58785232e-02 1.31436619e-02 4.93907790e-03
  1.47560055e-02 2.24095353e-02 1.80827398e-02 1.75112762e-02
  1.85929751e-02 2.02461375e-02 7.65352981e-03 2.24095353e-02
  1.47560055e-02 1.20415536e-02 2.32463212e-02 2.24095353e-02
  2.13482458e-02 2.46341613e-02 1.80827398e-02 1.94093516e-02
  2.24095353e-02 2.24095353e-02 2.35116436e-02 2.02461375e-02
  1.66948997e-02 1.39804478e-02 8.20458395e-03 1.04292100e-02
  9.04136988e-03 1.20415536e-02 6.32691797e-03 2.75527073e-03
  1.61234361e-03 1.91440292e-02 1.67357185e-03 1.06741229e-02
  5.51054146e-04 6.59224034e-03 2.22462600e-03 4.65334612e-03
  3.53082842e-03 5.16358144e-03 1.67357185e-03 1.03679817e-02
  1.22864665e-02 8.36785926e-04 1.01026593e-02 1.80215115e-02
  4.36761434e-03 1.39192195e-02 1.25517889e-02 1.22864665e-02
  5.97995796e-03 1.20211442e-02 2.97977427e-03 1.80215115e-02
  5.51054146e-04 8.49031573e-03 1.69194032e-02 9.81692757e-03
  9.26587342e-03 4.93907790e-03 7.36779803e-03 1.22864665e-02
  4.89825908e-03 3.81656020e-03 2.44912954e-03 1.67357185e-03
  0.00000000e+00 9.00055105e-03 5.30644733e-04 8.71481927e-03
  2.71445191e-03 5.30644733e-04 5.71463559e-03 2.44912954e-03
  2.71445191e-03 4.89825908e-03 4.89825908e-03 2.75527073e-03
  2.85731779e-04 0.00000000e+00 2.71445191e-03 4.89825908e-03
  2.85731779e-04 2.16339776e-03 4.89825908e-03 2.16339776e-03
  4.89825908e-03]
 [3.85366098e-03 4.01631550e-03 4.19148191e-03 3.85366098e-03
  4.19148191e-03 4.19148191e-03 4.19148191e-03 4.01631550e-03
  4.19148191e-03 4.19148191e-03 4.01631550e-03 4.19148191e-03
  4.19148191e-03 4.19148191e-03 4.52930284e-03 4.19148191e-03
  4.52930284e-03 3.85366098e-03 4.19148191e-03 4.19148191e-03
  3.85366098e-03 5.51774185e-03 4.52930284e-03 4.52930284e-03
  5.01726640e-03 5.85556278e-03 6.70637105e-03 4.19148191e-03
  6.70637105e-03 7.86997648e-03 1.05475201e-02 1.07226866e-02
  8.88343927e-03 6.54371653e-03 6.54371653e-03 1.02096992e-02
  9.22126020e-03 7.20684650e-03 6.54371653e-03 1.02096992e-02
  1.15734948e-02 4.52930284e-03 1.39132176e-02 1.12356739e-02
  1.27371002e-02 1.52519894e-02 1.35753966e-02 8.54561834e-03
  1.45638356e-02 1.92557930e-02 1.66032731e-02 1.62529403e-02
  1.69160703e-02 1.79295331e-02 1.02096992e-02 1.92557930e-02
  1.45638356e-02 1.28997548e-02 1.97687803e-02 1.92557930e-02
  1.86051749e-02 2.06195886e-02 1.66032731e-02 1.74165457e-02
  1.92557930e-02 1.92557930e-02 1.99314349e-02 1.79295331e-02
  1.57524648e-02 1.40883840e-02 1.05475201e-02 1.19113157e-02
  1.10605075e-02 1.28997548e-02 9.39642661e-03 7.20684650e-03
  4.52930284e-03 1.72538912e-02 6.54371653e-03 1.20614584e-02
  5.85556278e-03 9.55908113e-03 6.88153746e-03 2.66503178e-03
  3.35318553e-03 2.35223462e-03 6.54371653e-03 8.38296382e-04
  2.01441369e-03 6.03072919e-03 6.75641860e-04 5.53025374e-03
  2.84019819e-03 3.01536460e-03 2.17706821e-03 2.01441369e-03
  1.85175917e-03 1.85175917e-03 3.69100646e-03 5.53025374e-03
  5.85556278e-03 1.07226866e-02 4.85461188e-03 5.00475452e-04
  1.62654522e-04 8.54561834e-03 1.00095090e-03 2.01441369e-03
  2.51488914e-03 3.17801912e-03 4.01631550e-03 6.54371653e-03
  5.51774185e-03 0.00000000e+00 5.19243281e-03 1.75166408e-04
  3.85366098e-03 5.19243281e-03 2.01441369e-03 4.01631550e-03
  3.85366098e-03 2.51488914e-03 2.51488914e-03 7.20684650e-03
  5.69290826e-03 5.51774185e-03 3.85366098e-03 2.51488914e-03
  5.69290826e-03 4.19148191e-03 2.51488914e-03 4.19148191e-03
  2.51488914e-03]
 [2.18264896e-03 1.91746731e-03 1.63188707e-03 2.18264896e-03
  1.63188707e-03 1.63188707e-03 1.63188707e-03 1.91746731e-03
  1.63188707e-03 1.63188707e-03 1.91746731e-03 1.63188707e-03
  1.63188707e-03 1.63188707e-03 1.08112519e-03 1.63188707e-03
  1.08112519e-03 2.18264896e-03 1.63188707e-03 1.63188707e-03
  2.18264896e-03 5.30363299e-04 1.08112519e-03 1.08112519e-03
  2.85580238e-04 1.08112519e-03 2.46822920e-03 1.63188707e-03
  2.46822920e-03 4.36529792e-03 8.73059584e-03 9.01617608e-03
  6.01758358e-03 2.20304755e-03 2.20304755e-03 8.17983396e-03
  6.56834547e-03 3.28417274e-03 2.20304755e-03 8.17983396e-03
  1.04032801e-02 1.08112519e-03 1.42178161e-02 9.85251821e-03
  1.23003488e-02 1.64004651e-02 1.36670542e-02 5.46682170e-03
  1.52785427e-02 2.29280134e-02 1.86035126e-02 1.80323522e-02
  1.91134773e-02 2.07657630e-02 8.17983396e-03 2.29280134e-02
  1.52785427e-02 1.25655305e-02 2.37643555e-02 2.29280134e-02
  2.18672868e-02 2.51514595e-02 1.86035126e-02 1.99294209e-02
  2.29280134e-02 2.29280134e-02 2.40295372e-02 2.07657630e-02
  1.72164086e-02 1.45033964e-02 8.73059584e-03 1.09540420e-02
  9.56693797e-03 1.25655305e-02 6.85392571e-03 3.28417274e-03
  1.08112519e-03 1.96642392e-02 2.20304755e-03 1.11988250e-02
  1.08112519e-03 7.11910736e-03 2.75380944e-03 4.12051486e-03
  2.99859250e-03 4.63047957e-03 2.20304755e-03 9.83211962e-03
  1.17495869e-02 1.36670542e-03 9.56693797e-03 1.74815903e-02
  3.83493462e-03 1.33814740e-02 1.20147686e-02 1.17495869e-02
  5.44642311e-03 1.14844053e-02 2.44783061e-03 1.74815903e-02
  1.08112519e-03 9.01617608e-03 1.63800665e-02 9.28135773e-03
  8.73059584e-03 5.46682170e-03 6.83352712e-03 1.17495869e-02
  4.36529792e-03 3.28417274e-03 1.91746731e-03 2.20304755e-03
  5.30363299e-04 8.46541419e-03 0.00000000e+00 8.17983396e-03
  2.18264896e-03 0.00000000e+00 5.18124146e-03 1.91746731e-03
  2.18264896e-03 4.36529792e-03 4.36529792e-03 3.28417274e-03
  8.15943537e-04 5.30363299e-04 2.18264896e-03 4.36529792e-03
  8.15943537e-04 1.63188707e-03 4.36529792e-03 1.63188707e-03
  4.36529792e-03]
 [3.74741887e-03 3.91312106e-03 4.09156958e-03 3.74741887e-03
  4.09156958e-03 4.09156958e-03 4.09156958e-03 3.91312106e-03
  4.09156958e-03 4.09156958e-03 3.91312106e-03 4.09156958e-03
  4.09156958e-03 4.09156958e-03 4.43572029e-03 4.09156958e-03
  4.43572029e-03 3.74741887e-03 4.09156958e-03 4.09156958e-03
  3.74741887e-03 5.44267979e-03 4.43572029e-03 4.43572029e-03
  4.93282688e-03 5.78683050e-03 6.65358044e-03 4.09156958e-03
  6.65358044e-03 7.83898845e-03 1.05667015e-02 1.07451500e-02
  8.87144059e-03 6.48787825e-03 6.48787825e-03 1.02225508e-02
  9.21559130e-03 7.16343335e-03 6.48787825e-03 1.02225508e-02
  1.16119000e-02 4.43572029e-03 1.39954623e-02 1.12677493e-02
  1.27973080e-02 1.53593188e-02 1.36513116e-02 8.52728988e-03
  1.46582711e-02 1.94381421e-02 1.67359217e-02 1.63790247e-02
  1.70545798e-02 1.80870319e-02 1.02225508e-02 1.94381421e-02
  1.46582711e-02 1.29630102e-02 1.99607413e-02 1.94381421e-02
  1.87753333e-02 2.08274913e-02 1.67359217e-02 1.75644327e-02
  1.94381421e-02 1.94381421e-02 2.01264435e-02 1.80870319e-02
  1.58691717e-02 1.41739108e-02 1.05667015e-02 1.19560507e-02
  1.10893007e-02 1.29630102e-02 9.39403982e-03 7.16343335e-03
  4.43572029e-03 1.73987305e-02 6.48787825e-03 1.21090066e-02
  5.78683050e-03 9.55974201e-03 6.83202896e-03 2.53651821e-03
  3.23756596e-03 2.21786015e-03 6.48787825e-03 1.03245214e-03
  2.23060647e-03 5.96527902e-03 8.66749943e-04 5.81232314e-03
  2.71496673e-03 3.25031228e-03 2.39630866e-03 2.23060647e-03
  1.70800724e-03 2.06490428e-03 3.58171667e-03 5.81232314e-03
  5.78683050e-03 1.07451500e-02 5.12402172e-03 6.88301425e-04
  3.44150713e-04 8.52728988e-03 8.41257297e-04 2.23060647e-03
  2.38356234e-03 3.05911744e-03 3.91312106e-03 6.48787825e-03
  5.44267979e-03 1.78448518e-04 5.11127540e-03 0.00000000e+00
  3.74741887e-03 5.11127540e-03 1.87370943e-03 3.91312106e-03
  3.74741887e-03 2.38356234e-03 2.38356234e-03 7.16343335e-03
  5.62112830e-03 5.44267979e-03 3.74741887e-03 2.38356234e-03
  5.62112830e-03 4.09156958e-03 2.38356234e-03 4.09156958e-03
  2.38356234e-03]
 [0.00000000e+00 2.53253331e-04 5.25987688e-04 0.00000000e+00
  5.25987688e-04 5.25987688e-04 5.25987688e-04 2.53253331e-04
  5.25987688e-04 5.25987688e-04 2.53253331e-04 5.25987688e-04
  5.25987688e-04 5.25987688e-04 1.05197538e-03 5.25987688e-04
  1.05197538e-03 0.00000000e+00 5.25987688e-04 5.25987688e-04
  0.00000000e+00 2.59097639e-03 1.05197538e-03 1.05197538e-03
  1.81173537e-03 3.11696408e-03 4.44167381e-03 5.25987688e-04
  4.44167381e-03 6.25340918e-03 1.04223486e-02 1.06950830e-02
  7.83137224e-03 4.18842048e-03 4.18842048e-03 9.89636094e-03
  8.35735993e-03 5.22091483e-03 4.18842048e-03 9.89636094e-03
  1.20197927e-02 1.05197538e-03 1.56627445e-02 1.14938050e-02
  1.38315281e-02 1.77472142e-02 1.51367568e-02 7.30538456e-03
  1.66757578e-02 2.39811424e-02 1.98511650e-02 1.93056963e-02
  2.03381906e-02 2.19161537e-02 9.89636094e-03 2.39811424e-02
  1.66757578e-02 1.40847814e-02 2.47798644e-02 2.39811424e-02
  2.29681290e-02 2.61045741e-02 1.98511650e-02 2.11174316e-02
  2.39811424e-02 2.39811424e-02 2.50331177e-02 2.19161537e-02
  1.85264552e-02 1.59354788e-02 1.04223486e-02 1.25457804e-02
  1.12210707e-02 1.40847814e-02 8.63009429e-03 5.22091483e-03
  1.05197538e-03 2.08641783e-02 4.18842048e-03 1.27795527e-02
  3.11696408e-03 8.88334762e-03 4.71440817e-03 1.85069742e-03
  7.79241019e-04 2.33772306e-03 4.18842048e-03 7.30538456e-03
  9.13660095e-03 3.38969843e-03 7.05213122e-03 1.46107691e-02
  1.57796306e-03 1.06950830e-02 9.38985428e-03 9.13660095e-03
  3.11696408e-03 8.88334762e-03 2.53253331e-04 1.46107691e-02
  3.11696408e-03 1.06950830e-02 1.35587937e-02 6.77939687e-03
  6.25340918e-03 7.30538456e-03 4.44167381e-03 9.13660095e-03
  2.08446973e-03 1.05197538e-03 2.53253331e-04 4.18842048e-03
  2.59097639e-03 6.00015585e-03 2.08446973e-03 5.72742149e-03
  0.00000000e+00 2.08446973e-03 2.86371075e-03 2.53253331e-04
  0.00000000e+00 2.08446973e-03 2.08446973e-03 5.22091483e-03
  2.86371075e-03 2.59097639e-03 0.00000000e+00 2.08446973e-03
  2.86371075e-03 5.25987688e-04 2.08446973e-03 5.25987688e-04
  2.08446973e-03]
 [2.18264896e-03 1.91746731e-03 1.63188707e-03 2.18264896e-03
  1.63188707e-03 1.63188707e-03 1.63188707e-03 1.91746731e-03
  1.63188707e-03 1.63188707e-03 1.91746731e-03 1.63188707e-03
  1.63188707e-03 1.63188707e-03 1.08112519e-03 1.63188707e-03
  1.08112519e-03 2.18264896e-03 1.63188707e-03 1.63188707e-03
  2.18264896e-03 5.30363299e-04 1.08112519e-03 1.08112519e-03
  2.85580238e-04 1.08112519e-03 2.46822920e-03 1.63188707e-03
  2.46822920e-03 4.36529792e-03 8.73059584e-03 9.01617608e-03
  6.01758358e-03 2.20304755e-03 2.20304755e-03 8.17983396e-03
  6.56834547e-03 3.28417274e-03 2.20304755e-03 8.17983396e-03
  1.04032801e-02 1.08112519e-03 1.42178161e-02 9.85251821e-03
  1.23003488e-02 1.64004651e-02 1.36670542e-02 5.46682170e-03
  1.52785427e-02 2.29280134e-02 1.86035126e-02 1.80323522e-02
  1.91134773e-02 2.07657630e-02 8.17983396e-03 2.29280134e-02
  1.52785427e-02 1.25655305e-02 2.37643555e-02 2.29280134e-02
  2.18672868e-02 2.51514595e-02 1.86035126e-02 1.99294209e-02
  2.29280134e-02 2.29280134e-02 2.40295372e-02 2.07657630e-02
  1.72164086e-02 1.45033964e-02 8.73059584e-03 1.09540420e-02
  9.56693797e-03 1.25655305e-02 6.85392571e-03 3.28417274e-03
  1.08112519e-03 1.96642392e-02 2.20304755e-03 1.11988250e-02
  1.08112519e-03 7.11910736e-03 2.75380944e-03 4.12051486e-03
  2.99859250e-03 4.63047957e-03 2.20304755e-03 9.83211962e-03
  1.17495869e-02 1.36670542e-03 9.56693797e-03 1.74815903e-02
  3.83493462e-03 1.33814740e-02 1.20147686e-02 1.17495869e-02
  5.44642311e-03 1.14844053e-02 2.44783061e-03 1.74815903e-02
  1.08112519e-03 9.01617608e-03 1.63800665e-02 9.28135773e-03
  8.73059584e-03 5.46682170e-03 6.83352712e-03 1.17495869e-02
  4.36529792e-03 3.28417274e-03 1.91746731e-03 2.20304755e-03
  5.30363299e-04 8.46541419e-03 0.00000000e+00 8.17983396e-03
  2.18264896e-03 0.00000000e+00 5.18124146e-03 1.91746731e-03
  2.18264896e-03 4.36529792e-03 4.36529792e-03 3.28417274e-03
  8.15943537e-04 5.30363299e-04 2.18264896e-03 4.36529792e-03
  8.15943537e-04 1.63188707e-03 4.36529792e-03 1.63188707e-03
  4.36529792e-03]
 [2.31492417e-03 2.51964536e-03 2.74011433e-03 2.31492417e-03
  2.74011433e-03 2.74011433e-03 2.74011433e-03 2.51964536e-03
  2.74011433e-03 2.74011433e-03 2.51964536e-03 2.74011433e-03
  2.74011433e-03 2.74011433e-03 3.16530448e-03 2.74011433e-03
  3.16530448e-03 2.31492417e-03 2.74011433e-03 2.74011433e-03
  2.31492417e-03 4.40937938e-03 3.16530448e-03 3.16530448e-03
  3.77946804e-03 4.83456953e-03 5.90541881e-03 2.74011433e-03
  5.90541881e-03 7.36996268e-03 1.07399883e-02 1.09604573e-02
  8.64553314e-03 5.70069763e-03 5.70069763e-03 1.03147982e-02
  9.07072330e-03 6.53533015e-03 5.70069763e-03 1.03147982e-02
  1.20313066e-02 3.16530448e-03 1.49761421e-02 1.16061164e-02
  1.34958505e-02 1.66611549e-02 1.45509520e-02 8.22034299e-03
  1.57950268e-02 2.17004457e-02 1.83619156e-02 1.79209776e-02
  1.87556101e-02 2.00311806e-02 1.03147982e-02 2.17004457e-02
  1.57950268e-02 1.37005716e-02 2.23461048e-02 2.17004457e-02
  2.08815609e-02 2.34169541e-02 1.83619156e-02 1.93855215e-02
  2.17004457e-02 2.17004457e-02 2.25508260e-02 2.00311806e-02
  1.72910663e-02 1.51966111e-02 1.07399883e-02 1.24564967e-02
  1.13856475e-02 1.37005716e-02 9.29119226e-03 6.53533015e-03
  3.16530448e-03 1.91808003e-02 5.70069763e-03 1.26454702e-02
  4.83456953e-03 9.49591345e-03 6.12588778e-03 8.18884742e-04
  1.68501283e-03 4.25190154e-04 5.70069763e-03 3.59049464e-03
  5.07078629e-03 5.05503850e-03 3.38577345e-03 9.49591345e-03
  1.03935371e-03 6.33060897e-03 5.27550747e-03 5.07078629e-03
  2.04721185e-04 4.86606510e-03 2.11020299e-03 9.49591345e-03
  4.83456953e-03 1.09604573e-02 8.64553314e-03 3.16530448e-03
  2.74011433e-03 8.22034299e-03 1.27557046e-03 5.07078629e-03
  6.29911340e-04 1.46454387e-03 2.51964536e-03 5.70069763e-03
  4.40937938e-03 2.53539314e-03 3.99993701e-03 2.31492417e-03
  2.31492417e-03 3.99993701e-03 0.00000000e+00 2.51964536e-03
  2.31492417e-03 6.29911340e-04 6.29911340e-04 6.53533015e-03
  4.62984835e-03 4.40937938e-03 2.31492417e-03 6.29911340e-04
  4.62984835e-03 2.74011433e-03 6.29911340e-04 2.74011433e-03
  6.29911340e-04]
 [2.57094828e-04 0.00000000e+00 2.76871354e-04 2.57094828e-04
  2.76871354e-04 2.76871354e-04 2.76871354e-04 0.00000000e+00
  2.76871354e-04 2.76871354e-04 0.00000000e+00 2.76871354e-04
  2.76871354e-04 2.76871354e-04 8.10837536e-04 2.76871354e-04
  8.10837536e-04 2.57094828e-04 2.76871354e-04 2.76871354e-04
  2.57094828e-04 2.37318303e-03 8.10837536e-04 8.10837536e-04
  1.58212202e-03 2.90714921e-03 4.25195293e-03 2.76871354e-04
  4.25195293e-03 6.09116978e-03 1.03233462e-02 1.06002175e-02
  7.69306833e-03 3.99485810e-03 3.99485810e-03 9.78938001e-03
  8.22703451e-03 5.04301394e-03 3.99485810e-03 9.78938001e-03
  1.19450213e-02 8.10837536e-04 1.56432315e-02 1.14110551e-02
  1.37842381e-02 1.77593197e-02 1.51092653e-02 7.15910215e-03
  1.66716108e-02 2.40878078e-02 1.98951844e-02 1.93414417e-02
  2.03895975e-02 2.19914961e-02 9.78938001e-03 2.40878078e-02
  1.66716108e-02 1.40413329e-02 2.48986453e-02 2.40878078e-02
  2.30594285e-02 2.62434490e-02 1.98951844e-02 2.11806586e-02
  2.40878078e-02 2.40878078e-02 2.51557401e-02 2.19914961e-02
  1.85503807e-02 1.59201028e-02 1.03233462e-02 1.24789874e-02
  1.11341837e-02 1.40413329e-02 8.50390586e-03 5.04301394e-03
  8.10837536e-04 2.09235637e-02 3.99485810e-03 1.27163057e-02
  2.90714921e-03 8.76100069e-03 4.52882429e-03 2.13586473e-03
  1.04815584e-03 2.63027786e-03 3.99485810e-03 7.67329180e-03
  9.53228518e-03 3.18402057e-03 7.41619697e-03 1.50894888e-02
  1.85899337e-03 1.11144072e-02 9.78938001e-03 9.53228518e-03
  3.42133887e-03 9.27519035e-03 5.14189657e-04 1.50894888e-02
  2.90714921e-03 1.06002175e-02 1.40215564e-02 7.13932562e-03
  6.60535944e-03 7.15910215e-03 4.76614259e-03 9.53228518e-03
  2.37318303e-03 1.32502719e-03 0.00000000e+00 3.99485810e-03
  2.37318303e-03 6.34826461e-03 1.85899337e-03 6.07139326e-03
  2.57094828e-04 1.85899337e-03 3.16424404e-03 0.00000000e+00
  2.57094828e-04 2.37318303e-03 2.37318303e-03 5.04301394e-03
  2.65005439e-03 2.37318303e-03 2.57094828e-04 2.37318303e-03
  2.65005439e-03 2.76871354e-04 2.37318303e-03 2.76871354e-04
  2.37318303e-03]
 [0.00000000e+00 2.53253331e-04 5.25987688e-04 0.00000000e+00
  5.25987688e-04 5.25987688e-04 5.25987688e-04 2.53253331e-04
  5.25987688e-04 5.25987688e-04 2.53253331e-04 5.25987688e-04
  5.25987688e-04 5.25987688e-04 1.05197538e-03 5.25987688e-04
  1.05197538e-03 0.00000000e+00 5.25987688e-04 5.25987688e-04
  0.00000000e+00 2.59097639e-03 1.05197538e-03 1.05197538e-03
  1.81173537e-03 3.11696408e-03 4.44167381e-03 5.25987688e-04
  4.44167381e-03 6.25340918e-03 1.04223486e-02 1.06950830e-02
  7.83137224e-03 4.18842048e-03 4.18842048e-03 9.89636094e-03
  8.35735993e-03 5.22091483e-03 4.18842048e-03 9.89636094e-03
  1.20197927e-02 1.05197538e-03 1.56627445e-02 1.14938050e-02
  1.38315281e-02 1.77472142e-02 1.51367568e-02 7.30538456e-03
  1.66757578e-02 2.39811424e-02 1.98511650e-02 1.93056963e-02
  2.03381906e-02 2.19161537e-02 9.89636094e-03 2.39811424e-02
  1.66757578e-02 1.40847814e-02 2.47798644e-02 2.39811424e-02
  2.29681290e-02 2.61045741e-02 1.98511650e-02 2.11174316e-02
  2.39811424e-02 2.39811424e-02 2.50331177e-02 2.19161537e-02
  1.85264552e-02 1.59354788e-02 1.04223486e-02 1.25457804e-02
  1.12210707e-02 1.40847814e-02 8.63009429e-03 5.22091483e-03
  1.05197538e-03 2.08641783e-02 4.18842048e-03 1.27795527e-02
  3.11696408e-03 8.88334762e-03 4.71440817e-03 1.85069742e-03
  7.79241019e-04 2.33772306e-03 4.18842048e-03 7.30538456e-03
  9.13660095e-03 3.38969843e-03 7.05213122e-03 1.46107691e-02
  1.57796306e-03 1.06950830e-02 9.38985428e-03 9.13660095e-03
  3.11696408e-03 8.88334762e-03 2.53253331e-04 1.46107691e-02
  3.11696408e-03 1.06950830e-02 1.35587937e-02 6.77939687e-03
  6.25340918e-03 7.30538456e-03 4.44167381e-03 9.13660095e-03
  2.08446973e-03 1.05197538e-03 2.53253331e-04 4.18842048e-03
  2.59097639e-03 6.00015585e-03 2.08446973e-03 5.72742149e-03
  0.00000000e+00 2.08446973e-03 2.86371075e-03 2.53253331e-04
  0.00000000e+00 2.08446973e-03 2.08446973e-03 5.22091483e-03
  2.86371075e-03 2.59097639e-03 0.00000000e+00 2.08446973e-03
  2.86371075e-03 5.25987688e-04 2.08446973e-03 5.25987688e-04
  2.08446973e-03]
 [1.79388737e-03 2.01183630e-03 2.24655054e-03 1.79388737e-03
  2.24655054e-03 2.24655054e-03 2.24655054e-03 2.01183630e-03
  2.24655054e-03 2.24655054e-03 2.01183630e-03 2.24655054e-03
  2.24655054e-03 2.24655054e-03 2.69921371e-03 2.24655054e-03
  2.69921371e-03 1.79388737e-03 2.24655054e-03 2.24655054e-03
  1.79388737e-03 4.02367261e-03 2.69921371e-03 2.69921371e-03
  3.35306051e-03 4.47633578e-03 5.61637635e-03 2.24655054e-03
  5.61637635e-03 7.17554948e-03 1.07633242e-02 1.09980385e-02
  8.53353899e-03 5.39842741e-03 5.39842741e-03 1.03106611e-02
  8.98620216e-03 6.28698845e-03 5.39842741e-03 1.03106611e-02
  1.21380790e-02 2.69921371e-03 1.52731906e-02 1.16854159e-02
  1.36972522e-02 1.70670780e-02 1.48205274e-02 8.08087582e-03
  1.61449863e-02 2.24319748e-02 1.88777306e-02 1.84083022e-02
  1.92968632e-02 2.06548527e-02 1.03106611e-02 2.24319748e-02
  1.61449863e-02 1.39152011e-02 2.31193522e-02 2.24319748e-02
  2.15601791e-02 2.42593928e-02 1.88777306e-02 1.99674753e-02
  2.24319748e-02 2.24319748e-02 2.33373011e-02 2.06548527e-02
  1.77376901e-02 1.55079048e-02 1.07633242e-02 1.25907422e-02
  1.14507016e-02 1.39152011e-02 9.22091639e-03 6.28698845e-03
  2.69921371e-03 1.97495264e-02 5.39842741e-03 1.27919258e-02
  4.47633578e-03 9.43886532e-03 5.85109058e-03 2.01183630e-04
  1.12327527e-03 2.17948933e-04 5.39842741e-03 4.49310108e-03
  6.06903952e-03 4.71105001e-03 4.27515215e-03 1.07800895e-02
  4.35897866e-04 7.41026372e-03 6.28698845e-03 6.06903952e-03
  8.88561034e-04 5.85109058e-03 1.57593844e-03 1.07800895e-02
  4.47633578e-03 1.09980385e-02 9.87476319e-03 4.04043791e-03
  3.58777474e-03 8.08087582e-03 2.02860161e-03 6.06903952e-03
  0.00000000e+00 8.88561034e-04 2.01183630e-03 5.39842741e-03
  4.02367261e-03 3.36982581e-03 3.58777474e-03 3.13511157e-03
  1.79388737e-03 3.58777474e-03 6.70612101e-04 2.01183630e-03
  1.79388737e-03 0.00000000e+00 0.00000000e+00 6.28698845e-03
  4.25838684e-03 4.02367261e-03 1.79388737e-03 0.00000000e+00
  4.25838684e-03 2.24655054e-03 0.00000000e+00 2.24655054e-03
  0.00000000e+00]
 [1.79388737e-03 2.01183630e-03 2.24655054e-03 1.79388737e-03
  2.24655054e-03 2.24655054e-03 2.24655054e-03 2.01183630e-03
  2.24655054e-03 2.24655054e-03 2.01183630e-03 2.24655054e-03
  2.24655054e-03 2.24655054e-03 2.69921371e-03 2.24655054e-03
  2.69921371e-03 1.79388737e-03 2.24655054e-03 2.24655054e-03
  1.79388737e-03 4.02367261e-03 2.69921371e-03 2.69921371e-03
  3.35306051e-03 4.47633578e-03 5.61637635e-03 2.24655054e-03
  5.61637635e-03 7.17554948e-03 1.07633242e-02 1.09980385e-02
  8.53353899e-03 5.39842741e-03 5.39842741e-03 1.03106611e-02
  8.98620216e-03 6.28698845e-03 5.39842741e-03 1.03106611e-02
  1.21380790e-02 2.69921371e-03 1.52731906e-02 1.16854159e-02
  1.36972522e-02 1.70670780e-02 1.48205274e-02 8.08087582e-03
  1.61449863e-02 2.24319748e-02 1.88777306e-02 1.84083022e-02
  1.92968632e-02 2.06548527e-02 1.03106611e-02 2.24319748e-02
  1.61449863e-02 1.39152011e-02 2.31193522e-02 2.24319748e-02
  2.15601791e-02 2.42593928e-02 1.88777306e-02 1.99674753e-02
  2.24319748e-02 2.24319748e-02 2.33373011e-02 2.06548527e-02
  1.77376901e-02 1.55079048e-02 1.07633242e-02 1.25907422e-02
  1.14507016e-02 1.39152011e-02 9.22091639e-03 6.28698845e-03
  2.69921371e-03 1.97495264e-02 5.39842741e-03 1.27919258e-02
  4.47633578e-03 9.43886532e-03 5.85109058e-03 2.01183630e-04
  1.12327527e-03 2.17948933e-04 5.39842741e-03 4.49310108e-03
  6.06903952e-03 4.71105001e-03 4.27515215e-03 1.07800895e-02
  4.35897866e-04 7.41026372e-03 6.28698845e-03 6.06903952e-03
  8.88561034e-04 5.85109058e-03 1.57593844e-03 1.07800895e-02
  4.47633578e-03 1.09980385e-02 9.87476319e-03 4.04043791e-03
  3.58777474e-03 8.08087582e-03 2.02860161e-03 6.06903952e-03
  0.00000000e+00 8.88561034e-04 2.01183630e-03 5.39842741e-03
  4.02367261e-03 3.36982581e-03 3.58777474e-03 3.13511157e-03
  1.79388737e-03 3.58777474e-03 6.70612101e-04 2.01183630e-03
  1.79388737e-03 0.00000000e+00 0.00000000e+00 6.28698845e-03
  4.25838684e-03 4.02367261e-03 1.79388737e-03 0.00000000e+00
  4.25838684e-03 2.24655054e-03 0.00000000e+00 2.24655054e-03
  0.00000000e+00]
 [5.16975309e-03 4.91898148e-03 4.64891975e-03 5.16975309e-03
  4.64891975e-03 4.64891975e-03 4.64891975e-03 4.91898148e-03
  4.64891975e-03 4.64891975e-03 4.91898148e-03 4.64891975e-03
  4.64891975e-03 4.64891975e-03 4.12808642e-03 4.64891975e-03
  4.12808642e-03 5.16975309e-03 4.64891975e-03 4.64891975e-03
  5.16975309e-03 2.60416667e-03 4.12808642e-03 4.12808642e-03
  3.37577160e-03 2.08333333e-03 7.71604938e-04 4.64891975e-03
  7.71604938e-04 1.02237654e-03 5.15046296e-03 5.42052469e-03
  2.58487654e-03 1.02237654e-03 1.02237654e-03 4.62962963e-03
  3.10570988e-03 0.00000000e+00 1.02237654e-03 4.62962963e-03
  6.73225309e-03 4.12808642e-03 1.03395062e-02 6.21141975e-03
  8.52623457e-03 1.24035494e-02 9.81867284e-03 2.06404321e-03
  1.13425926e-02 1.85763889e-02 1.44868827e-02 1.39467593e-02
  1.49691358e-02 1.65316358e-02 4.62962963e-03 1.85763889e-02
  1.13425926e-02 8.77700617e-03 1.93672840e-02 1.85763889e-02
  1.75733025e-02 2.06790123e-02 1.44868827e-02 1.57407407e-02
  1.85763889e-02 1.85763889e-02 1.96180556e-02 1.65316358e-02
  1.31751543e-02 1.06095679e-02 5.15046296e-03 7.25308642e-03
  5.94135802e-03 8.77700617e-03 3.37577160e-03 0.00000000e+00
  4.12808642e-03 1.54899691e-02 1.02237654e-03 7.48456790e-03
  2.08333333e-03 3.62654321e-03 5.01543210e-04 7.00231481e-03
  5.94135802e-03 7.48456790e-03 1.02237654e-03 1.24035494e-02
  1.42168210e-02 1.81327160e-03 1.21527778e-02 1.96373457e-02
  6.73225309e-03 1.57600309e-02 1.44675926e-02 1.42168210e-02
  8.25617284e-03 1.39660494e-02 5.42052469e-03 1.96373457e-02
  2.08333333e-03 5.42052469e-03 1.85956790e-02 1.18827160e-02
  1.13618827e-02 2.06404321e-03 9.56790123e-03 1.42168210e-02
  7.23379630e-03 6.21141975e-03 4.91898148e-03 1.02237654e-03
  2.60416667e-03 1.11111111e-02 3.10570988e-03 1.08410494e-02
  5.16975309e-03 3.10570988e-03 8.00540123e-03 4.91898148e-03
  5.16975309e-03 7.23379630e-03 7.23379630e-03 0.00000000e+00
  2.33410494e-03 2.60416667e-03 5.16975309e-03 7.23379630e-03
  2.33410494e-03 4.64891975e-03 7.23379630e-03 4.64891975e-03
  7.23379630e-03]
 [2.99590356e-03 2.73095971e-03 2.44563556e-03 2.99590356e-03
  2.44563556e-03 2.44563556e-03 2.44563556e-03 2.73095971e-03
  2.44563556e-03 2.44563556e-03 2.73095971e-03 2.44563556e-03
  2.44563556e-03 2.44563556e-03 1.89536756e-03 2.44563556e-03
  1.89536756e-03 2.99590356e-03 2.44563556e-03 2.44563556e-03
  2.99590356e-03 2.85324149e-04 1.89536756e-03 1.89536756e-03
  1.10053600e-03 2.64943852e-04 1.65080400e-03 2.44563556e-03
  1.65080400e-03 3.54617156e-03 7.90755498e-03 8.19287912e-03
  5.19697556e-03 1.38586015e-03 1.38586015e-03 7.35728697e-03
  5.74724356e-03 2.46601586e-03 1.38586015e-03 7.35728697e-03
  9.57873927e-03 1.89536756e-03 1.33898547e-02 9.02847127e-03
  1.14741068e-02 1.55705464e-02 1.28395867e-02 4.64670756e-03
  1.44496301e-02 2.20922412e-02 1.77716184e-02 1.72009701e-02
  1.82811258e-02 1.99319298e-02 7.35728697e-03 2.20922412e-02
  1.44496301e-02 1.17390507e-02 2.29278334e-02 2.20922412e-02
  2.10324658e-02 2.43136935e-02 1.77716184e-02 1.90963377e-02
  2.20922412e-02 2.20922412e-02 2.31927772e-02 1.99319298e-02
  1.63857582e-02 1.36751788e-02 7.90755498e-03 1.01290073e-02
  8.74314713e-03 1.17390507e-02 6.03256771e-03 2.46601586e-03
  1.89536756e-03 1.88313938e-02 1.38586015e-03 1.03735708e-02
  2.64943852e-04 6.29751157e-03 1.93612815e-03 4.93203171e-03
  3.81111541e-03 5.44153912e-03 1.38586015e-03 1.06385147e-02
  1.25542625e-02 5.50268001e-04 1.03735708e-02 1.82811258e-02
  4.64670756e-03 1.41846862e-02 1.28192064e-02 1.25542625e-02
  6.25675097e-03 1.22893187e-02 3.26084741e-03 1.82811258e-02
  2.64943852e-04 8.19287912e-03 1.71805898e-02 1.00882467e-02
  9.53797868e-03 4.64670756e-03 7.64261112e-03 1.25542625e-02
  5.17659527e-03 4.09643956e-03 2.73095971e-03 1.38586015e-03
  2.85324149e-04 9.27303483e-03 8.15211853e-04 8.98771068e-03
  2.99590356e-03 8.15211853e-04 5.99180712e-03 2.73095971e-03
  2.99590356e-03 5.17659527e-03 5.17659527e-03 2.46601586e-03
  0.00000000e+00 2.85324149e-04 2.99590356e-03 5.17659527e-03
  0.00000000e+00 2.44563556e-03 5.17659527e-03 2.44563556e-03
  5.17659527e-03]
 [2.71445191e-03 2.44912954e-03 2.16339776e-03 2.71445191e-03
  2.16339776e-03 2.16339776e-03 2.16339776e-03 2.44912954e-03
  2.16339776e-03 2.16339776e-03 2.44912954e-03 2.16339776e-03
  2.16339776e-03 2.16339776e-03 1.61234361e-03 2.16339776e-03
  1.61234361e-03 2.71445191e-03 2.16339776e-03 2.16339776e-03
  2.71445191e-03 0.00000000e+00 1.61234361e-03 1.61234361e-03
  8.16376513e-04 5.51054146e-04 1.93889422e-03 2.16339776e-03
  1.93889422e-03 3.83696961e-03 8.20458395e-03 8.49031573e-03
  5.49013205e-03 1.67357185e-03 1.67357185e-03 7.65352981e-03
  6.04118620e-03 2.75527073e-03 1.67357185e-03 7.65352981e-03
  9.87815581e-03 1.61234361e-03 1.36947160e-02 9.32710166e-03
  1.17762312e-02 1.58785232e-02 1.31436619e-02 4.93907790e-03
  1.47560055e-02 2.24095353e-02 1.80827398e-02 1.75112762e-02
  1.85929751e-02 2.02461375e-02 7.65352981e-03 2.24095353e-02
  1.47560055e-02 1.20415536e-02 2.32463212e-02 2.24095353e-02
  2.13482458e-02 2.46341613e-02 1.80827398e-02 1.94093516e-02
  2.24095353e-02 2.24095353e-02 2.35116436e-02 2.02461375e-02
  1.66948997e-02 1.39804478e-02 8.20458395e-03 1.04292100e-02
  9.04136988e-03 1.20415536e-02 6.32691797e-03 2.75527073e-03
  1.61234361e-03 1.91440292e-02 1.67357185e-03 1.06741229e-02
  5.51054146e-04 6.59224034e-03 2.22462600e-03 4.65334612e-03
  3.53082842e-03 5.16358144e-03 1.67357185e-03 1.03679817e-02
  1.22864665e-02 8.36785926e-04 1.01026593e-02 1.80215115e-02
  4.36761434e-03 1.39192195e-02 1.25517889e-02 1.22864665e-02
  5.97995796e-03 1.20211442e-02 2.97977427e-03 1.80215115e-02
  5.51054146e-04 8.49031573e-03 1.69194032e-02 9.81692757e-03
  9.26587342e-03 4.93907790e-03 7.36779803e-03 1.22864665e-02
  4.89825908e-03 3.81656020e-03 2.44912954e-03 1.67357185e-03
  0.00000000e+00 9.00055105e-03 5.30644733e-04 8.71481927e-03
  2.71445191e-03 5.30644733e-04 5.71463559e-03 2.44912954e-03
  2.71445191e-03 4.89825908e-03 4.89825908e-03 2.75527073e-03
  2.85731779e-04 0.00000000e+00 2.71445191e-03 4.89825908e-03
  2.85731779e-04 2.16339776e-03 4.89825908e-03 2.16339776e-03
  4.89825908e-03]
 [0.00000000e+00 2.53253331e-04 5.25987688e-04 0.00000000e+00
  5.25987688e-04 5.25987688e-04 5.25987688e-04 2.53253331e-04
  5.25987688e-04 5.25987688e-04 2.53253331e-04 5.25987688e-04
  5.25987688e-04 5.25987688e-04 1.05197538e-03 5.25987688e-04
  1.05197538e-03 0.00000000e+00 5.25987688e-04 5.25987688e-04
  0.00000000e+00 2.59097639e-03 1.05197538e-03 1.05197538e-03
  1.81173537e-03 3.11696408e-03 4.44167381e-03 5.25987688e-04
  4.44167381e-03 6.25340918e-03 1.04223486e-02 1.06950830e-02
  7.83137224e-03 4.18842048e-03 4.18842048e-03 9.89636094e-03
  8.35735993e-03 5.22091483e-03 4.18842048e-03 9.89636094e-03
  1.20197927e-02 1.05197538e-03 1.56627445e-02 1.14938050e-02
  1.38315281e-02 1.77472142e-02 1.51367568e-02 7.30538456e-03
  1.66757578e-02 2.39811424e-02 1.98511650e-02 1.93056963e-02
  2.03381906e-02 2.19161537e-02 9.89636094e-03 2.39811424e-02
  1.66757578e-02 1.40847814e-02 2.47798644e-02 2.39811424e-02
  2.29681290e-02 2.61045741e-02 1.98511650e-02 2.11174316e-02
  2.39811424e-02 2.39811424e-02 2.50331177e-02 2.19161537e-02
  1.85264552e-02 1.59354788e-02 1.04223486e-02 1.25457804e-02
  1.12210707e-02 1.40847814e-02 8.63009429e-03 5.22091483e-03
  1.05197538e-03 2.08641783e-02 4.18842048e-03 1.27795527e-02
  3.11696408e-03 8.88334762e-03 4.71440817e-03 1.85069742e-03
  7.79241019e-04 2.33772306e-03 4.18842048e-03 7.30538456e-03
  9.13660095e-03 3.38969843e-03 7.05213122e-03 1.46107691e-02
  1.57796306e-03 1.06950830e-02 9.38985428e-03 9.13660095e-03
  3.11696408e-03 8.88334762e-03 2.53253331e-04 1.46107691e-02
  3.11696408e-03 1.06950830e-02 1.35587937e-02 6.77939687e-03
  6.25340918e-03 7.30538456e-03 4.44167381e-03 9.13660095e-03
  2.08446973e-03 1.05197538e-03 2.53253331e-04 4.18842048e-03
  2.59097639e-03 6.00015585e-03 2.08446973e-03 5.72742149e-03
  0.00000000e+00 2.08446973e-03 2.86371075e-03 2.53253331e-04
  0.00000000e+00 2.08446973e-03 2.08446973e-03 5.22091483e-03
  2.86371075e-03 2.59097639e-03 0.00000000e+00 2.08446973e-03
  2.86371075e-03 5.25987688e-04 2.08446973e-03 5.25987688e-04
  2.08446973e-03]
 [1.79388737e-03 2.01183630e-03 2.24655054e-03 1.79388737e-03
  2.24655054e-03 2.24655054e-03 2.24655054e-03 2.01183630e-03
  2.24655054e-03 2.24655054e-03 2.01183630e-03 2.24655054e-03
  2.24655054e-03 2.24655054e-03 2.69921371e-03 2.24655054e-03
  2.69921371e-03 1.79388737e-03 2.24655054e-03 2.24655054e-03
  1.79388737e-03 4.02367261e-03 2.69921371e-03 2.69921371e-03
  3.35306051e-03 4.47633578e-03 5.61637635e-03 2.24655054e-03
  5.61637635e-03 7.17554948e-03 1.07633242e-02 1.09980385e-02
  8.53353899e-03 5.39842741e-03 5.39842741e-03 1.03106611e-02
  8.98620216e-03 6.28698845e-03 5.39842741e-03 1.03106611e-02
  1.21380790e-02 2.69921371e-03 1.52731906e-02 1.16854159e-02
  1.36972522e-02 1.70670780e-02 1.48205274e-02 8.08087582e-03
  1.61449863e-02 2.24319748e-02 1.88777306e-02 1.84083022e-02
  1.92968632e-02 2.06548527e-02 1.03106611e-02 2.24319748e-02
  1.61449863e-02 1.39152011e-02 2.31193522e-02 2.24319748e-02
  2.15601791e-02 2.42593928e-02 1.88777306e-02 1.99674753e-02
  2.24319748e-02 2.24319748e-02 2.33373011e-02 2.06548527e-02
  1.77376901e-02 1.55079048e-02 1.07633242e-02 1.25907422e-02
  1.14507016e-02 1.39152011e-02 9.22091639e-03 6.28698845e-03
  2.69921371e-03 1.97495264e-02 5.39842741e-03 1.27919258e-02
  4.47633578e-03 9.43886532e-03 5.85109058e-03 2.01183630e-04
  1.12327527e-03 2.17948933e-04 5.39842741e-03 4.49310108e-03
  6.06903952e-03 4.71105001e-03 4.27515215e-03 1.07800895e-02
  4.35897866e-04 7.41026372e-03 6.28698845e-03 6.06903952e-03
  8.88561034e-04 5.85109058e-03 1.57593844e-03 1.07800895e-02
  4.47633578e-03 1.09980385e-02 9.87476319e-03 4.04043791e-03
  3.58777474e-03 8.08087582e-03 2.02860161e-03 6.06903952e-03
  0.00000000e+00 8.88561034e-04 2.01183630e-03 5.39842741e-03
  4.02367261e-03 3.36982581e-03 3.58777474e-03 3.13511157e-03
  1.79388737e-03 3.58777474e-03 6.70612101e-04 2.01183630e-03
  1.79388737e-03 0.00000000e+00 0.00000000e+00 6.28698845e-03
  4.25838684e-03 4.02367261e-03 1.79388737e-03 0.00000000e+00
  4.25838684e-03 2.24655054e-03 0.00000000e+00 2.24655054e-03
  0.00000000e+00]
 [2.99590356e-03 2.73095971e-03 2.44563556e-03 2.99590356e-03
  2.44563556e-03 2.44563556e-03 2.44563556e-03 2.73095971e-03
  2.44563556e-03 2.44563556e-03 2.73095971e-03 2.44563556e-03
  2.44563556e-03 2.44563556e-03 1.89536756e-03 2.44563556e-03
  1.89536756e-03 2.99590356e-03 2.44563556e-03 2.44563556e-03
  2.99590356e-03 2.85324149e-04 1.89536756e-03 1.89536756e-03
  1.10053600e-03 2.64943852e-04 1.65080400e-03 2.44563556e-03
  1.65080400e-03 3.54617156e-03 7.90755498e-03 8.19287912e-03
  5.19697556e-03 1.38586015e-03 1.38586015e-03 7.35728697e-03
  5.74724356e-03 2.46601586e-03 1.38586015e-03 7.35728697e-03
  9.57873927e-03 1.89536756e-03 1.33898547e-02 9.02847127e-03
  1.14741068e-02 1.55705464e-02 1.28395867e-02 4.64670756e-03
  1.44496301e-02 2.20922412e-02 1.77716184e-02 1.72009701e-02
  1.82811258e-02 1.99319298e-02 7.35728697e-03 2.20922412e-02
  1.44496301e-02 1.17390507e-02 2.29278334e-02 2.20922412e-02
  2.10324658e-02 2.43136935e-02 1.77716184e-02 1.90963377e-02
  2.20922412e-02 2.20922412e-02 2.31927772e-02 1.99319298e-02
  1.63857582e-02 1.36751788e-02 7.90755498e-03 1.01290073e-02
  8.74314713e-03 1.17390507e-02 6.03256771e-03 2.46601586e-03
  1.89536756e-03 1.88313938e-02 1.38586015e-03 1.03735708e-02
  2.64943852e-04 6.29751157e-03 1.93612815e-03 4.93203171e-03
  3.81111541e-03 5.44153912e-03 1.38586015e-03 1.06385147e-02
  1.25542625e-02 5.50268001e-04 1.03735708e-02 1.82811258e-02
  4.64670756e-03 1.41846862e-02 1.28192064e-02 1.25542625e-02
  6.25675097e-03 1.22893187e-02 3.26084741e-03 1.82811258e-02
  2.64943852e-04 8.19287912e-03 1.71805898e-02 1.00882467e-02
  9.53797868e-03 4.64670756e-03 7.64261112e-03 1.25542625e-02
  5.17659527e-03 4.09643956e-03 2.73095971e-03 1.38586015e-03
  2.85324149e-04 9.27303483e-03 8.15211853e-04 8.98771068e-03
  2.99590356e-03 8.15211853e-04 5.99180712e-03 2.73095971e-03
  2.99590356e-03 5.17659527e-03 5.17659527e-03 2.46601586e-03
  0.00000000e+00 2.85324149e-04 2.99590356e-03 5.17659527e-03
  0.00000000e+00 2.44563556e-03 5.17659527e-03 2.44563556e-03
  5.17659527e-03]
 [5.41309970e-04 2.80679244e-04 0.00000000e+00 5.41309970e-04
  0.00000000e+00 0.00000000e+00 0.00000000e+00 2.80679244e-04
  0.00000000e+00 0.00000000e+00 2.80679244e-04 0.00000000e+00
  0.00000000e+00 0.00000000e+00 5.41309970e-04 0.00000000e+00
  5.41309970e-04 5.41309970e-04 0.00000000e+00 0.00000000e+00
  5.41309970e-04 2.12514285e-03 5.41309970e-04 5.41309970e-04
  1.32320215e-03 2.66645282e-03 4.02975200e-03 0.00000000e+00
  4.02975200e-03 5.89426412e-03 1.01846468e-02 1.04653261e-02
  7.51819403e-03 3.76912127e-03 3.76912127e-03 9.64333688e-03
  8.05950400e-03 4.83169270e-03 3.76912127e-03 9.64333688e-03
  1.18286253e-02 5.41309970e-04 1.55776980e-02 1.12873153e-02
  1.36931374e-02 1.77228894e-02 1.50363881e-02 6.97688406e-03
  1.66202209e-02 2.41384150e-02 1.98881293e-02 1.93267708e-02
  2.03893422e-02 2.20132721e-02 9.64333688e-03 2.41384150e-02
  1.66202209e-02 1.39537681e-02 2.49604042e-02 2.41384150e-02
  2.30958921e-02 2.63237034e-02 1.98881293e-02 2.11912829e-02
  2.41384150e-02 2.41384150e-02 2.52210349e-02 2.20132721e-02
  1.85248301e-02 1.58583773e-02 1.01846468e-02 1.23699352e-02
  1.10066361e-02 1.39537681e-02 8.34018324e-03 4.83169270e-03
  5.41309970e-04 2.09306522e-02 3.76912127e-03 1.26105175e-02
  2.66645282e-03 8.60081397e-03 4.31043124e-03 2.44591912e-03
  1.34325067e-03 2.94713206e-03 3.76912127e-03 8.05950400e-03
  9.94406464e-03 2.94713206e-03 7.79887327e-03 1.55776980e-02
  2.16523988e-03 1.15479460e-02 1.02046954e-02 9.94406464e-03
  3.74907276e-03 9.68343391e-03 8.01940696e-04 1.55776980e-02
  2.66645282e-03 1.04653261e-02 1.44950781e-02 7.51819403e-03
  6.97688406e-03 6.97688406e-03 5.11237194e-03 9.94406464e-03
  2.68650133e-03 1.62392991e-03 2.80679244e-04 3.76912127e-03
  2.12514285e-03 6.71625333e-03 1.60388139e-03 6.43557409e-03
  5.41309970e-04 1.60388139e-03 3.48844203e-03 2.80679244e-04
  5.41309970e-04 2.68650133e-03 2.68650133e-03 4.83169270e-03
  2.40582209e-03 2.12514285e-03 5.41309970e-04 2.68650133e-03
  2.40582209e-03 0.00000000e+00 2.68650133e-03 0.00000000e+00
  2.68650133e-03]
 [1.79388737e-03 2.01183630e-03 2.24655054e-03 1.79388737e-03
  2.24655054e-03 2.24655054e-03 2.24655054e-03 2.01183630e-03
  2.24655054e-03 2.24655054e-03 2.01183630e-03 2.24655054e-03
  2.24655054e-03 2.24655054e-03 2.69921371e-03 2.24655054e-03
  2.69921371e-03 1.79388737e-03 2.24655054e-03 2.24655054e-03
  1.79388737e-03 4.02367261e-03 2.69921371e-03 2.69921371e-03
  3.35306051e-03 4.47633578e-03 5.61637635e-03 2.24655054e-03
  5.61637635e-03 7.17554948e-03 1.07633242e-02 1.09980385e-02
  8.53353899e-03 5.39842741e-03 5.39842741e-03 1.03106611e-02
  8.98620216e-03 6.28698845e-03 5.39842741e-03 1.03106611e-02
  1.21380790e-02 2.69921371e-03 1.52731906e-02 1.16854159e-02
  1.36972522e-02 1.70670780e-02 1.48205274e-02 8.08087582e-03
  1.61449863e-02 2.24319748e-02 1.88777306e-02 1.84083022e-02
  1.92968632e-02 2.06548527e-02 1.03106611e-02 2.24319748e-02
  1.61449863e-02 1.39152011e-02 2.31193522e-02 2.24319748e-02
  2.15601791e-02 2.42593928e-02 1.88777306e-02 1.99674753e-02
  2.24319748e-02 2.24319748e-02 2.33373011e-02 2.06548527e-02
  1.77376901e-02 1.55079048e-02 1.07633242e-02 1.25907422e-02
  1.14507016e-02 1.39152011e-02 9.22091639e-03 6.28698845e-03
  2.69921371e-03 1.97495264e-02 5.39842741e-03 1.27919258e-02
  4.47633578e-03 9.43886532e-03 5.85109058e-03 2.01183630e-04
  1.12327527e-03 2.17948933e-04 5.39842741e-03 4.49310108e-03
  6.06903952e-03 4.71105001e-03 4.27515215e-03 1.07800895e-02
  4.35897866e-04 7.41026372e-03 6.28698845e-03 6.06903952e-03
  8.88561034e-04 5.85109058e-03 1.57593844e-03 1.07800895e-02
  4.47633578e-03 1.09980385e-02 9.87476319e-03 4.04043791e-03
  3.58777474e-03 8.08087582e-03 2.02860161e-03 6.06903952e-03
  0.00000000e+00 8.88561034e-04 2.01183630e-03 5.39842741e-03
  4.02367261e-03 3.36982581e-03 3.58777474e-03 3.13511157e-03
  1.79388737e-03 3.58777474e-03 6.70612101e-04 2.01183630e-03
  1.79388737e-03 0.00000000e+00 0.00000000e+00 6.28698845e-03
  4.25838684e-03 4.02367261e-03 1.79388737e-03 0.00000000e+00
  4.25838684e-03 2.24655054e-03 0.00000000e+00 2.24655054e-03
  0.00000000e+00]
 [5.41309970e-04 2.80679244e-04 0.00000000e+00 5.41309970e-04
  0.00000000e+00 0.00000000e+00 0.00000000e+00 2.80679244e-04
  0.00000000e+00 0.00000000e+00 2.80679244e-04 0.00000000e+00
  0.00000000e+00 0.00000000e+00 5.41309970e-04 0.00000000e+00
  5.41309970e-04 5.41309970e-04 0.00000000e+00 0.00000000e+00
  5.41309970e-04 2.12514285e-03 5.41309970e-04 5.41309970e-04
  1.32320215e-03 2.66645282e-03 4.02975200e-03 0.00000000e+00
  4.02975200e-03 5.89426412e-03 1.01846468e-02 1.04653261e-02
  7.51819403e-03 3.76912127e-03 3.76912127e-03 9.64333688e-03
  8.05950400e-03 4.83169270e-03 3.76912127e-03 9.64333688e-03
  1.18286253e-02 5.41309970e-04 1.55776980e-02 1.12873153e-02
  1.36931374e-02 1.77228894e-02 1.50363881e-02 6.97688406e-03
  1.66202209e-02 2.41384150e-02 1.98881293e-02 1.93267708e-02
  2.03893422e-02 2.20132721e-02 9.64333688e-03 2.41384150e-02
  1.66202209e-02 1.39537681e-02 2.49604042e-02 2.41384150e-02
  2.30958921e-02 2.63237034e-02 1.98881293e-02 2.11912829e-02
  2.41384150e-02 2.41384150e-02 2.52210349e-02 2.20132721e-02
  1.85248301e-02 1.58583773e-02 1.01846468e-02 1.23699352e-02
  1.10066361e-02 1.39537681e-02 8.34018324e-03 4.83169270e-03
  5.41309970e-04 2.09306522e-02 3.76912127e-03 1.26105175e-02
  2.66645282e-03 8.60081397e-03 4.31043124e-03 2.44591912e-03
  1.34325067e-03 2.94713206e-03 3.76912127e-03 8.05950400e-03
  9.94406464e-03 2.94713206e-03 7.79887327e-03 1.55776980e-02
  2.16523988e-03 1.15479460e-02 1.02046954e-02 9.94406464e-03
  3.74907276e-03 9.68343391e-03 8.01940696e-04 1.55776980e-02
  2.66645282e-03 1.04653261e-02 1.44950781e-02 7.51819403e-03
  6.97688406e-03 6.97688406e-03 5.11237194e-03 9.94406464e-03
  2.68650133e-03 1.62392991e-03 2.80679244e-04 3.76912127e-03
  2.12514285e-03 6.71625333e-03 1.60388139e-03 6.43557409e-03
  5.41309970e-04 1.60388139e-03 3.48844203e-03 2.80679244e-04
  5.41309970e-04 2.68650133e-03 2.68650133e-03 4.83169270e-03
  2.40582209e-03 2.12514285e-03 5.41309970e-04 2.68650133e-03
  2.40582209e-03 0.00000000e+00 2.68650133e-03 0.00000000e+00
  2.68650133e-03]
 [1.79388737e-03 2.01183630e-03 2.24655054e-03 1.79388737e-03
  2.24655054e-03 2.24655054e-03 2.24655054e-03 2.01183630e-03
  2.24655054e-03 2.24655054e-03 2.01183630e-03 2.24655054e-03
  2.24655054e-03 2.24655054e-03 2.69921371e-03 2.24655054e-03
  2.69921371e-03 1.79388737e-03 2.24655054e-03 2.24655054e-03
  1.79388737e-03 4.02367261e-03 2.69921371e-03 2.69921371e-03
  3.35306051e-03 4.47633578e-03 5.61637635e-03 2.24655054e-03
  5.61637635e-03 7.17554948e-03 1.07633242e-02 1.09980385e-02
  8.53353899e-03 5.39842741e-03 5.39842741e-03 1.03106611e-02
  8.98620216e-03 6.28698845e-03 5.39842741e-03 1.03106611e-02
  1.21380790e-02 2.69921371e-03 1.52731906e-02 1.16854159e-02
  1.36972522e-02 1.70670780e-02 1.48205274e-02 8.08087582e-03
  1.61449863e-02 2.24319748e-02 1.88777306e-02 1.84083022e-02
  1.92968632e-02 2.06548527e-02 1.03106611e-02 2.24319748e-02
  1.61449863e-02 1.39152011e-02 2.31193522e-02 2.24319748e-02
  2.15601791e-02 2.42593928e-02 1.88777306e-02 1.99674753e-02
  2.24319748e-02 2.24319748e-02 2.33373011e-02 2.06548527e-02
  1.77376901e-02 1.55079048e-02 1.07633242e-02 1.25907422e-02
  1.14507016e-02 1.39152011e-02 9.22091639e-03 6.28698845e-03
  2.69921371e-03 1.97495264e-02 5.39842741e-03 1.27919258e-02
  4.47633578e-03 9.43886532e-03 5.85109058e-03 2.01183630e-04
  1.12327527e-03 2.17948933e-04 5.39842741e-03 4.49310108e-03
  6.06903952e-03 4.71105001e-03 4.27515215e-03 1.07800895e-02
  4.35897866e-04 7.41026372e-03 6.28698845e-03 6.06903952e-03
  8.88561034e-04 5.85109058e-03 1.57593844e-03 1.07800895e-02
  4.47633578e-03 1.09980385e-02 9.87476319e-03 4.04043791e-03
  3.58777474e-03 8.08087582e-03 2.02860161e-03 6.06903952e-03
  0.00000000e+00 8.88561034e-04 2.01183630e-03 5.39842741e-03
  4.02367261e-03 3.36982581e-03 3.58777474e-03 3.13511157e-03
  1.79388737e-03 3.58777474e-03 6.70612101e-04 2.01183630e-03
  1.79388737e-03 0.00000000e+00 0.00000000e+00 6.28698845e-03
  4.25838684e-03 4.02367261e-03 1.79388737e-03 0.00000000e+00
  4.25838684e-03 2.24655054e-03 0.00000000e+00 2.24655054e-03
  0.00000000e+00]]
